1.033923
0.736961
1.080635
1.160136
0.927347
1.598503
0.825669
1.342313
0.747211
2.042268
2.250522
0.599864
0.940363
0.452018
0.550159
1.318730
1.288435
2.155873
1.441905
1.887528
1.744127
1.788889
2.563991
1.006576
0.280499
0.446576
0.725986
0.756961
1.004898
0.471701
0.582177
0.957551
1.053878
0.665079
0.748435
0.564082
0.949297
0.491383
0.704807
0.488934
3.414286
2.765760
3.785578
3.906984
0.589297
0.789841
1.291973
1.565624
1.284535
1.302494
1.052200
0.915283
0.053016
2.671338
1.063673
1.749116
1.127029
3.776780
1.064989
0.879728
1.597778
1.517370
1.155329
2.168707
1.123039
1.553968
2.622721
3.841882
2.410023
3.781587
1.368050
2.275669
1.617098
1.330590
0.840000
1.217823
1.261134
1.157687
2.911701
2.101406
2.875964
4.033197
4.520680
5.595465
2.120091
1.511020
1.610476
1.120726
1.639909
2.005669
1.837007
5.395737
2.442313
2.748980
1.026485
3.537415
1.600363
1.850476
4.520771
1.853152
2.052063
2.595964
2.391474
1.217347
1.811066
0.833492
1.550204
1.079592
1.895986
3.794512
2.819546
1.322812
3.836054
4.050567
3.762812
2.161406
0.827211
0.946531
0.519229
1.247755
1.539048
1.398594
2.691791
1.647302
1.203537
1.772018
1.739048
1.531383
1.871474
1.593288
1.780408
1.747710
1.533605
1.928299
1.753560
1.523311
2.129887
2.684127
2.260998
1.711791
2.110249
5.319683
0.929751
1.506939
1.004263
0.880181
0.886032
1.394558
1.079184
1.060635
1.066939
0.537370
0.972472
0.971383
1.763628
0.978413
1.049252
0.782540
1.084580
0.678821
1.218730
2.423447
3.285714
3.360816
1.878390
1.965465
2.432744
2.088435
1.754059
0.744422
1.235624
1.740884
1.612993
0.929070
0.906168
2.141746
1.326599
1.698458
1.191270
0.616848
1.004943
0.915669
0.870771
0.710590
0.968005
1.425079
1.334966
1.606893
3.630816
2.116712
6.364989
0.982358
5.025283
4.220907
5.011224
5.419320
3.459116
2.932404
6.880317
3.142857
3.245397
13.160612
4.691088
3.537460
6.079025
14.217483
2.565351
12.798095
2.840975
9.549819
2.512268
7.488186
4.368844
0.829524
0.778254
1.337846
3.673129
1.894172
2.570816
1.623787
0.921383
0.704580
1.070045
1.195578
1.241338
0.850975
1.227483
1.418163
0.907370
0.875465
1.018050
1.008639
3.309955
0.688934
2.761497
3.480998
2.750136
2.398866
1.392177
4.371859
0.798753
0.451179
1.338549
1.563265
4.056122
3.023016
3.782494
2.951224
2.242630
2.345782
1.175125
2.221973
2.159864
2.119977
2.393810
2.832789
1.735125
1.509751
2.624921
3.173197
0.524853
0.940794
1.164286
0.855329
1.013991
1.531927
0.987528
0.997483
1.765692
0.626599
1.227846
1.451247
1.480590
1.101791
0.591066
1.497279
1.149660
1.272721
1.016259
1.556825
1.253946
1.174535
0.952109
1.091315
1.314195
1.705828
1.027868
1.302449
1.084717
2.258322
2.517098
4.171995
2.200249
3.588503
3.758277
1.259501
0.861451
1.207075
1.967710
1.585147
1.341565
1.616372
0.946485
1.877007
1.726644
1.310272
1.720431
2.175601
1.026735
1.308617
1.276032
1.001973
1.314717
2.337778
1.667279
2.325941
2.277755
2.003764
1.910952
1.185533
2.107846
0.573968
0.778027
1.189796
1.174240
1.452789
1.791701
1.402630
2.253469
3.320794
3.401406
1.646168
0.991655
1.290544
1.645374
0.999206
4.621678
2.794717
0.748957
0.993673
2.060340
0.765737
1.382358
1.768821
1.343878
1.061769
1.138367
1.054150
1.811995
4.259206
4.512404
1.703333
1.225964
5.260930
3.509365
3.329728
16.179705
3.112653
6.763401
4.069320
6.728163
2.921678
4.113515
3.683583
1.762744
2.558730
2.940408
7.751406
3.625805
2.704671
2.249320
6.192789
7.004807
13.508481
9.106780
12.293265
2.327029
2.455782
3.662653
2.995986
1.222653
1.255533
2.240522
6.690726
5.180000
8.263243
1.212630
1.307370
0.553129
0.513968
0.683039
1.567211
0.973651
0.982562
0.952426
1.139819
0.867755
1.473855
1.089433
1.293152
1.438390
0.731451
1.167619
1.106145
0.878299
1.137551
0.827687
0.849025
0.678776
0.748753
1.120272
1.274943
0.856463
1.124150
1.452857
1.102018
1.308707
3.514399
2.600612
3.181066
3.304671
3.791746
3.447483
2.711995
3.014626
1.830249
1.802721
2.359819
2.772222
2.578345
2.297256
4.828458
0.725782
0.835215
0.818866
1.448186
2.401361
2.585329
1.358980
3.706281
6.048526
1.890000
1.517188
1.750567
2.026417
5.604036
5.738594
6.529320
7.005125
1.430998
0.574966
0.782268
0.793900
3.852857
3.778707
6.702948
4.767596
2.115986
1.801043
1.980068
2.347007
0.786893
1.024603
1.916327
1.944376
3.481315
2.221224
1.631882
1.943469
2.417460
3.158073
1.043787
2.103605
3.217211
0.855986
1.909524
2.709887
1.359932
2.695125
2.889410
0.957166
1.080363
0.903605
2.525669
0.846213
1.003741
1.945057
0.880952
2.555193
3.043311
2.506780
1.191701
2.389592
1.190249
3.208277
2.968980
2.685918
2.903878
0.497619
1.169683
0.517732
0.920748
2.137642
1.147982
1.663243
1.205782
1.351655
1.061973
1.455306
1.237891
4.242744
2.984490
7.372766
2.792653
2.096100
3.969501
1.575329
1.496372
3.410023
1.144422
0.991723
1.799456
3.658617
3.833764
2.219093
2.545850
3.885533
5.804807
2.631406
2.804331
5.957460
1.668549
1.933968
1.900113
0.936304
1.580907
2.607868
1.479206
1.363628
5.514354
13.536168
2.294785
0.935283
0.898798
1.012993
1.174649
2.396054
2.242177
21.729093
1.228435
1.906009
2.241995
1.453175
1.616349
1.821134
2.294921
3.613651
1.224603
1.362789
4.753651
2.089161
4.350952
2.693787
4.445646
4.070045
0.860680
0.674626
2.347506
4.658163
1.016032
1.105624
1.124921
1.257098
1.036757
1.567120
1.359229
1.629773
0.929887
1.205578
1.441610
1.002404
1.161224
1.222336
1.489660
1.027959
1.219705
0.895102
0.862268
1.395215
0.630295
0.998753
0.619524
1.069456
1.539410
1.359184
0.806168
15.424059
9.233923
26.928617
14.211111
24.618118
17.732018
41.196735
19.997234
14.184558
13.037347
18.598277
2.262902
1.115873
2.271769
1.739660
1.387687
2.183424
3.197483
1.098866
0.808821
1.151020
0.830952
1.218730
0.986984
1.270499
1.457324
1.451610
1.155896
0.884558
0.977483
1.211995
4.580045
1.927166
4.599456
2.553515
3.128277
8.127800
0.624059
12.490023
1.742857
13.633787
24.181678
10.184626
8.737868
14.525170
13.538050
16.891429
0.425011
0.735351
1.099433
0.899478
0.624535
1.374331
0.673605
0.385646
2.482494
0.684127
1.017914
0.649841
0.619909
0.520907
18.154603
19.949433
15.726304
15.757778
12.071020
10.371701
12.200635
3.661451
18.412336
11.789297
15.409751
16.212744
0.502766
0.272472
0.660454
0.907483
0.670249
0.460499
0.555011
0.758821
1.084399
1.072472
1.434558
0.997279
1.130023
1.192109
1.471519
1.359048
1.180726
1.479456
2.987211
2.655329
3.052200
0.489524
1.172925
0.945533
0.626848
1.288118
2.828980
1.632789
1.056190
1.833832
1.811565
2.401179
1.041406
0.957279
1.554467
2.216916
1.965578
1.511474
4.300862
1.919864
3.908118
1.540454
1.751837
2.522041
0.797234
1.827574
3.056145
1.124444
1.135964
1.169660
1.952698
1.513605
1.099864
0.903583
0.763900
1.652200
1.294467
1.200816
1.392676
2.082880
1.222857
2.478231
1.492449
2.122449
2.041179
1.732381
1.990839
1.697279
1.778413
1.919683
1.969660
2.086939
1.689320
0.643855
2.290975
1.535102
3.012517
2.992562
1.475692
1.617982
1.462041
1.642721
2.358390
2.832562
2.413560
3.291224
1.263424
2.647619
0.607574
1.082948
0.978821
0.726304
0.950476
0.935556
1.348390
0.610204
0.546168
0.833333
0.915782
1.949478
0.948435
0.996054
0.590612
0.778639
0.927302
0.755646
1.301315
2.070431
1.447075
2.409932
0.651701
0.609796
1.186304
1.578095
1.295646
1.395011
1.466213
0.761270
1.912154
0.646304
1.919320
1.473469
1.030884
1.498730
3.381224
1.904172
2.245624
1.958957
2.239002
1.928254
2.049070
1.833424
1.733696
3.370703
1.662313
1.695374
1.792063
1.578367
1.669252
1.459456
3.119501
2.309796
3.728571
2.197052
1.386349
1.622358
1.321723
1.797143
2.260317
1.194331
1.653469
1.527800
2.951429
1.885986
2.088254
2.384580
1.636961
2.968209
1.205986
2.015147
2.211247
1.601406
1.366259
1.610658
1.929569
1.739320
1.494240
1.563991
2.069705
2.376735
1.433424
1.300000
1.824626
1.832698
1.435238
1.383900
0.574376
0.607211
0.835510
1.348209
1.277642
1.052925
0.455329
0.615329
1.979365
0.570295
1.120363
0.542857
0.749206
1.108345
1.144490
1.616372
0.882222
1.045896
1.219909
1.224898
1.798231
1.775374
1.873651
1.292562
2.023855
2.714875
0.579048
0.591973
0.781315
0.944989
0.820680
1.130522
0.819410
0.997415
0.814195
0.987982
1.056281
1.141361
1.926576
0.769841
0.958322
1.199365
1.415193
3.209524
1.260907
0.866213
1.414785
2.975646
3.769433
2.250340
2.416961
3.163492
2.380091
2.377868
2.340181
1.425170
2.582177
3.028118
0.926757
1.101179
0.911882
1.133741
1.890771
2.862018
2.271247
1.292109
1.233719
0.743991
1.481542
1.667619
1.687982
1.047982
1.039773
0.794649
0.853288
0.733968
0.887528
1.833469
2.369932
0.489433
0.460726
1.552018
0.990159
1.259274
0.726893
1.701270
1.170567
1.682177
1.245941
1.356780
1.509478
1.668707
1.398912
1.835283
1.298141
1.301905
1.200408
1.500862
1.672562
2.275465
1.996281
2.558549
1.494104
1.754422
1.676508
1.471655
0.793197
1.149478
1.463764
2.742993
2.088617
1.730975
1.651973
1.592381
0.964444
1.263220
1.443401
1.725034
2.499365
1.982993
1.806893
0.739546
1.170249
0.611020
0.377415
1.069433
0.760635
0.904853
1.091474
0.765760
0.768345
0.952381
1.494739
1.267347
1.218685
0.891066
0.742721
4.456145
3.752290
2.351202
1.780590
2.219456
2.284762
5.346122
1.329705
1.009116
6.019002
1.684943
2.985351
5.032517
3.510522
1.704717
2.644422
4.848889
5.727664
2.155079
3.286077
3.255215
0.963265
0.341995
0.738458
0.813741
0.663719
0.333832
0.647075
1.110839
1.316100
0.631927
1.089070
2.444762
1.302222
0.681950
1.121134
0.887302
0.619229
0.911247
1.423764
0.361134
0.364082
0.318821
0.656009
0.503583
0.526122
0.581678
0.377551
0.739955
1.218776
0.573107
0.996054
0.501542
1.194921
1.284943
1.708254
1.302585
1.643583
3.715601
1.519138
2.522177
0.901633
1.219274
0.698458
1.054603
1.087483
1.662721
1.288662
1.844898
1.204717
1.067256
1.963900
1.877143
2.111882
2.576463
0.700998
0.793515
1.003447
1.015556
0.399138
0.317732
0.452834
0.389660
0.420181
0.271882
0.386939
0.522426
0.665261
0.631247
0.646100
1.171429
0.458050
1.099955
1.044966
1.169252
0.541134
0.967528
0.953696
0.867392
1.012063
0.950113
0.864717
1.280204
1.868231
2.350658
2.791973
1.971111
3.164807
5.331293
0.695692
6.663968
4.066327
2.800113
8.272109
8.272109
6.582857
7.215601
5.803628
3.786893
1.810431
0.502993
1.265805
0.733651
0.710794
0.882177
2.082766
1.999683
2.024580
1.699365
1.479456
2.586939
2.987211
2.655329
3.052200
2.342812
1.470023
2.194240
1.981497
2.725488
1.437687
0.356916
0.286304
2.505533
2.290431
1.175193
2.743311
3.498594
2.999637
4.112063
2.289433
2.994966
0.287256
0.235420
0.469388
0.564671
0.743537
0.731202
0.449342
0.261315
0.431247
0.230658
0.843220
0.686667
0.821406
1.971383
1.540000
2.868345
0.634059
0.764263
0.656916
0.611338
1.295011
2.522313
0.594966
2.420204
1.865646
2.532472
2.580045
1.844535
0.692086
0.690454
0.496236
1.679524
1.368685
0.941224
0.529320
0.510522
0.645964
0.487800
0.919206
0.667846
0.709887
0.775374
0.641497
0.778322
1.017188
1.486757
0.874014
3.248753
3.420862
0.766984
0.909116
0.801950
5.666757
0.744535
0.843084
0.684535
1.066168
0.698821
0.712834
1.095329
0.859546
2.543673
1.116054
3.121179
3.590385
3.204331
1.009070
0.765828
0.723855
3.154921
2.415465
3.330658
3.137143
2.939637
0.767256
1.663492
0.758866
0.820408
0.628707
2.077710
1.435057
1.393605
0.513197
0.461995
0.521406
0.386712
0.515374
0.834286
0.941723
0.743039
0.769025
0.718617
0.762268
0.849977
0.618367
0.692744
1.312630
0.573288
0.705420
0.717687
0.862721
0.697483
0.774739
0.749478
0.968095
0.619501
0.834490
0.948458
0.737460
0.796327
0.729841
1.134422
0.678503
1.129683
1.356553
0.335964
1.086077
0.536213
0.889252
0.517098
0.477710
0.727302
0.749501
0.673764
0.982449
0.639002
0.795034
0.531701
1.409433
1.378685
1.548662
0.672336
0.757143
1.446893
0.831406
1.140680
0.625079
1.283583
1.299478
2.583401
2.125986
1.727710
2.214966
0.684308
0.999002
1.008163
1.744626
1.837868
1.583175
0.505896
0.495873
0.991066
1.167846
1.424036
1.181633
1.207664
0.552154
0.391429
0.465215
0.475646
1.435147
0.320363
0.474649
0.340159
0.403401
0.944036
1.072200
0.413832
0.396599
0.458367
4.983447
1.344467
0.581565
0.416100
0.751156
0.506168
0.505329
0.589365
0.432358
0.339909
0.835873
1.079320
0.634422
1.219728
1.145805
0.763810
0.956236
2.243900
1.029297
0.542404
0.819569
1.171678
0.882789
0.670680
1.097007
0.412608
0.256327
0.434875
0.270998
5.440000
1.872993
0.842041
0.396463
0.575964
0.285215
0.464626
0.911519
0.984717
0.544943
0.484376
0.392608
0.325578
0.306304
0.401361
0.364036
0.461406
0.769252
0.486939
0.441224
0.416463
0.453946
0.499365
0.564263
0.271973
2.809615
1.662222
0.608458
0.538730
0.309887
0.499274
0.603673
0.593968
0.534286
0.366463
0.483220
0.523560
0.526576
0.402676
0.487075
0.991156
2.207755
0.812381
1.031837
1.997687
1.224671
0.693061
2.049887
1.081633
0.997687
1.405986
1.837551
1.494603
0.855147
0.310794
1.057732
1.221814
0.436009
1.295556
1.267347
0.708435
0.765170
0.492608
1.320726
1.481633
5.527483
1.448299
3.118821
2.538730
4.113651
3.605624
2.364399
3.766077
6.149116
4.077324
0.330703
0.493741
0.555329
0.741315
0.478957
1.454966
0.848390
0.494059
0.594558
1.557551
0.854966
0.902540
1.780499
1.348073
1.484762
3.106667
2.718503
2.332880
0.660499
1.492109
2.025079
0.729569
1.309615
1.232744
0.986712
1.011837
1.189932
2.494127
2.036236
0.791791
1.633787
1.107596
1.263923
0.820091
0.770159
1.718367
1.042358
0.395714
0.493197
1.119683
0.792426
1.250295
1.135465
0.713152
0.705215
0.581678
0.729388
0.608209
1.247619
0.788027
1.779410
1.081406
1.289342
1.677188
0.766168
0.793424
1.100317
1.702902
0.488753
0.546531
0.772608
0.576825
0.530612
0.739410
0.621315
0.935102
0.939320
1.112517
1.020181
1.157687
1.064399
4.408889
4.202676
5.912381
2.486304
4.678957
4.011156
2.915737
4.904082
3.567528
2.478821
4.681315
3.578685
4.007392
0.663719
0.645261
0.900136
0.558095
0.484762
0.452290
0.527483
0.553379
0.573515
0.595510
1.219229
0.521678
0.769433
0.687937
2.586122
1.567483
1.720227
1.177098
0.801224
1.614558
1.823265
1.421043
2.409297
2.791066
0.949433
1.718458
2.203810
2.468844
0.891746
2.027937
1.096100
6.959116
2.460136
1.714331
1.580635
1.818095
0.938186
1.215964
1.121587
1.543311
0.505193
0.328390
0.540862
0.464989
0.932472
0.825941
0.747551
0.753333
1.123175
1.110113
1.040499
1.064898
0.752154
0.813016
2.067302
1.377234
0.660000
0.606122
0.634558
1.014512
0.424082
0.416689
0.535465
1.279819
0.663220
0.349116
0.754286
0.780680
1.997551
2.236463
1.659184
1.396145
1.660544
2.125261
1.559909
1.147574
1.540862
0.796508
1.241361
1.876871
0.881905
4.078095
2.585125
2.651769
2.896667
3.068050
2.587914
1.451497
2.460159
1.637324
1.633039
1.615782
1.989751
2.361814
3.222948
0.529796
1.011519
1.260635
1.035011
0.498776
0.738141
1.383946
1.536054
1.263129
1.582766
0.700499
0.956508
0.506757
0.702449
0.635737
1.190476
0.642041
0.377143
0.568844
0.842222
0.701587
0.480045
0.809841
0.826304
1.093447
0.793243
0.602358
1.088571
0.445533
0.555828
0.695782
0.541134
0.497324
0.440317
0.458141
0.697642
0.480544
0.853832
0.537823
1.089955
0.722857
0.959728
1.198231
1.485669
0.800590
2.013878
2.405896
1.032154
1.898095
0.987075
1.495329
1.003129
1.271474
1.556689
1.890975
0.452562
1.200091
1.508753
1.924036
1.153424
1.136735
0.730703
1.662766
1.897823
3.227710
4.555646
10.354240
1.960000
1.513424
2.235374
4.136780
1.986259
1.844580
1.296599
1.748073
1.169615
1.375102
3.322766
0.817098
1.458458
0.764671
3.352381
2.310658
0.690794
2.463311
0.768526
2.655420
2.078503
2.781134
1.118322
3.238322
2.010839
1.012925
1.028526
1.654966
1.172109
3.458277
2.036553
1.388481
3.011474
3.645669
2.467891
1.139683
0.832063
1.907166
2.481088
1.244626
0.636417
3.430567
2.809478
3.328345
1.061043
2.525986
2.561315
2.584490
1.028163
0.997188
2.357279
0.933469
1.551973
2.075873
1.734966
3.670794
1.704127
1.851293
1.711247
2.604535
1.402857
2.403084
1.665805
1.741224
0.885578
0.898957
0.960000
0.688299
1.499365
1.387846
1.150884
1.439909
0.811066
0.781224
0.642993
2.018277
3.482132
0.872109
0.990023
0.498458
0.847029
0.589796
1.659819
1.807256
0.766259
0.745306
0.891519
3.606440
2.365351
2.305896
2.622948
1.493515
2.649478
1.330930
1.736190
2.741179
1.893605
2.248345
1.568435
2.353288
3.885170
1.565533
1.963129
2.038005
1.405306
0.889841
0.916508
1.161043
0.816871
1.464989
0.641224
0.886780
0.697347
0.950952
0.804036
0.550272
0.767324
0.644172
1.396871
0.620635
1.178730
1.121995
0.947755
0.985896
1.218322
5.539864
2.200590
4.563175
1.441633
3.467574
3.902222
3.585850
5.971429
1.493243
2.982812
2.035011
2.756372
1.224898
1.529977
1.033107
1.079728
1.523401
0.405397
0.597778
0.762902
0.849070
0.757098
0.449932
0.565488
0.720181
0.591746
0.506122
1.809070
0.786803
1.390839
2.030930
0.996553
2.533379
0.755737
0.648118
0.582086
0.854014
0.449887
0.774104
0.501633
1.868027
0.719229
0.973560
0.319456
0.408254
0.629342
0.857370
0.544308
0.706803
1.000907
1.398367
1.039229
1.038866
0.476236
1.277279
0.822948
0.581406
0.641406
0.683129
1.550113
0.442494
0.462585
0.717007
1.050113
0.724036
0.602993
1.147302
1.565261
1.838277
1.094240
0.886032
0.539138
0.693197
0.972109
0.828889
0.792109
0.917868
1.987574
1.400000
1.141043
2.126485
0.953787
1.258231
0.948571
0.790658
0.623447
0.686893
0.994875
0.983333
1.510431
1.040816
3.123719
2.305510
1.074875
0.464308
0.591474
0.957506
0.572290
0.745306
0.848980
0.743129
1.815193
0.754422
0.648073
0.703628
1.615646
2.093605
1.295873
1.293243
1.698458
1.668662
2.377732
2.997415
2.564535
1.685805
3.255782
0.853016
1.843628
1.005102
2.610703
0.740703
2.545329
1.734921
1.261859
1.257143
2.508073
2.916417
1.848617
2.445941
2.048118
2.464240
2.946531
3.180000
2.141247
1.427347
1.872313
1.138277
2.264172
1.501814
2.395102
2.334195
3.461224
2.685488
1.500590
2.092517
0.814875
1.624626
1.650476
0.462857
1.634512
1.180907
1.498005
0.722766
2.691701
3.970930
1.882993
0.559841
4.417687
2.311202
4.664853
2.775283
2.059819
0.850045
1.017914
1.477188
1.472971
1.059025
3.760272
1.882698
3.281066
2.514422
2.310295
0.479002
2.574694
1.724082
1.760091
1.163039
1.316893
4.120794
0.770113
1.110658
2.239683
0.840181
1.923991
2.128776
0.577755
1.550930
2.294240
3.777324
1.996281
0.900680
1.698118
1.255873
1.671247
1.206032
2.112608
2.810091
2.219977
3.278481
1.522313
4.032698
1.287982
1.161542
1.050295
2.434785
1.709977
2.494649
2.365760
2.700590
0.698095
1.249841
1.167211
3.236689
1.178707
1.400295
0.967823
2.171406
0.533968
0.958413
0.829161
1.003447
0.414807
2.067574
2.592472
3.836689
4.261905
0.950113
0.758005
2.061451
3.420771
1.964898
1.339025
2.106735
1.386803
2.275261
1.902472
1.039070
1.247937
1.451111
1.624218
2.282585
3.219456
1.308481
1.264762
1.009433
2.226168
1.741859
1.058413
1.388526
1.015374
1.502789
1.065397
0.710295
1.002676
1.045488
1.460907
2.203084
3.054989
1.741519
1.427596
1.177642
0.815646
2.825397
1.619683
1.840998
2.028254
2.005714
2.488617
2.191701
2.339184
3.023991
1.374014
1.927166
3.111519
2.926440
3.677914
1.786259
1.059320
1.278776
1.024127
1.467483
1.853764
1.551882
4.567574
4.244014
2.367483
2.152245
4.714308
0.898866
1.854671
1.980091
2.211565
3.339456
5.084127
1.307120
1.858503
1.681270
1.544898
0.479592
0.618050
3.011973
1.563673
2.483220
1.811655
2.515011
1.855918
1.541542
6.120544
8.671338
4.953288
1.662177
4.261179
3.963673
4.931746
3.562222
4.591655
5.829025
0.670975
1.958957
0.745941
1.764649
1.002177
2.126893
4.933696
2.314014
3.371224
6.922608
1.035601
2.198163
5.224354
3.769297
7.240295
1.962812
5.170726
5.371973
3.765034
1.120091
1.022494
2.146531
2.043265
2.778730
2.701224
1.261179
1.762177
1.969410
1.161497
3.892653
1.932834
2.403900
1.585125
2.782222
1.486122
3.229433
3.269297
2.978685
2.993651
2.398798
1.357052
1.161950
1.077959
2.464308
1.112517
3.091247
0.750317
0.558390
1.288639
1.702925
1.690952
1.631542
2.582472
5.478866
3.069342
4.550567
3.199637
2.456168
3.163673
3.496621
3.817256
1.509977
1.348073
0.878277
1.874785
1.598776
1.938413
1.217732
3.246712
1.924195
1.719002
1.312154
2.540658
0.545873
1.472948
0.966168
1.313197
1.276508
2.447619
3.194195
2.510884
2.377279
2.051769
2.294331
2.550295
2.576735
5.024580
0.910658
8.677007
2.553878
7.918005
9.317234
0.479410
1.907710
2.020930
0.716848
3.583855
0.515873
0.486893
1.274739
0.936463
2.370227
0.938345
1.886168
0.958821
0.802404
1.904626
1.858957
2.770612
2.398141
2.885125
1.623946
6.434921
1.971202
2.965760
4.975850
3.264059
5.674807
1.882925
1.080045
5.235601
2.525556
5.383537
3.590204
2.083492
6.005261
0.948980
1.207664
2.991791
0.910567
0.995646
1.694921
3.713787
2.139093
3.191361
3.432426
2.508367
3.620113
1.684172
2.616190
2.253696
2.584626
1.856100
2.067211
1.496190
1.003311
1.019955
0.871270
0.897891
0.878141
0.836508
0.858186
0.809138
2.631927
2.083537
5.699592
4.435034
2.365238
5.968934
9.237642
8.501995
1.539320
2.745170
1.718503
3.757823
2.143039
3.889705
4.789206
5.872608
5.871701
3.446485
1.533107
1.148526
2.137778
1.929297
0.578413
1.626984
1.508526
1.877007
1.468209
0.501633
0.380454
2.220136
2.502358
1.485397
2.151701
3.919683
2.328526
3.003039
2.492200
2.083810
0.978957
0.902358
4.816145
4.224535
8.561859
12.095964
8.347619
5.910567
4.754467
5.387710
8.515465
4.779048
2.967347
1.111791
4.423107
4.281859
4.949887
7.691383
2.936054
1.501497
2.620771
4.257098
2.480272
2.076735
2.192540
0.939093
2.797687
0.843855
3.742404
2.422857
2.209025
3.009297
3.478866
3.530975
1.961088
3.019274
2.479456
3.127211
1.370748
1.091701
1.317279
0.691701
1.951429
1.423810
1.123265
1.541406
0.784989
0.824490
1.900862
1.385261
1.398821
1.006259
0.995918
0.779320
1.049433
1.809478
0.965533
2.961633
1.532517
1.560726
1.679683
1.714921
2.006304
3.779410
3.381859
3.900544
1.139138
1.195057
3.603968
2.059592
1.398549
1.066848
1.391383
1.412540
1.845374
2.448027
2.465261
1.248753
0.937279
0.716689
3.119070
1.753537
1.399365
1.399909
1.242948
0.599819
3.240726
1.683356
1.933923
1.303424
2.302313
1.133832
6.909615
3.760998
7.131383
5.459705
1.211293
1.370703
3.372018
3.588299
0.690023
2.646213
1.405986
4.395238
5.162676
0.997687
1.079433
1.891859
3.304354
3.260771
1.561224
0.794286
0.814626
2.562132
2.491066
1.772313
1.875964
3.593741
1.669524
0.719365
1.359410
3.418390
2.195057
3.147891
2.172834
2.882608
1.994694
2.226236
2.807710
3.302358
1.547302
1.498254
1.890204
2.597506
3.684082
1.284308
2.821995
3.757438
2.655057
3.765714
2.654785
4.743492
3.644762
5.555828
5.262971
2.391338
3.718095
4.545351
6.142993
5.795102
5.372245
3.485125
6.581270
1.862562
2.903356
3.591519
1.727800
2.610975
1.544762
1.511202
2.100726
2.230680
1.202766
0.656372
0.496961
1.478095
2.068345
1.285125
2.900680
1.080726
1.660249
1.487755
1.768435
2.124671
1.096553
1.594603
0.725850
0.530113
0.715079
1.058095
3.718503
0.958458
1.814785
2.252698
1.048934
2.084444
1.672789
0.939365
0.899002
0.694104
1.800771
2.951701
1.915283
2.887347
0.704671
0.935170
1.437642
1.220952
5.602177
4.570431
1.129615
2.917460
1.612562
1.684172
1.366440
0.626190
0.720000
1.413197
2.845533
1.869751
0.860590
0.980181
2.071474
1.790703
1.392925
0.940000
0.993469
1.299841
1.372744
1.308118
2.161497
0.828027
1.353696
2.280000
0.811837
0.621361
0.558866
1.991995
0.851837
1.323401
1.521088
1.243220
1.016236
0.876236
0.775193
1.608231
1.206327
1.010544
0.921020
0.802721
0.768571
1.270113
1.300227
0.879773
0.827211
2.565170
0.823741
1.160884
2.816009
3.817188
1.160658
2.642993
0.871429
0.770113
0.963878
1.326735
1.502222
2.099274
3.553968
3.092517
4.953696
6.921224
2.463764
3.819592
1.160658
1.022290
1.239456
1.694240
1.781791
4.649433
3.983356
4.560816
1.818367
2.371338
3.615102
3.054535
2.210499
2.441995
0.785896
0.729002
0.529977
0.657143
2.054739
1.756054
1.935556
2.532880
1.489841
1.596644
1.442812
1.183719
0.954082
1.177596
1.237914
1.669615
1.397302
1.308073
1.618753
1.461882
2.194104
0.392132
0.928571
1.149320
1.350204
2.226893
1.395057
1.575873
0.988118
4.096689
2.541701
5.186712
0.818662
1.369864
1.873061
3.334943
1.398866
1.252608
1.396916
1.924036
1.732653
2.060431
1.366984
1.255102
3.348753
2.815125
2.247347
1.633651
1.016100
1.787574
2.079909
0.976644
1.654150
3.607483
1.788844
1.556644
2.004354
2.089252
1.433333
1.709433
0.880544
0.773016
0.540181
1.102676
0.931655
0.952381
0.742676
1.912290
2.032834
1.425125
2.088753
1.334059
1.142313
0.609388
0.758594
1.008118
1.000363
1.074739
1.939955
1.218141
1.507211
5.996145
1.704580
6.143175
5.642993
2.354785
3.057914
4.256122
5.235057
4.268254
2.881723
3.598730
3.148526
2.861361
2.597279
2.345034
1.656916
2.073333
2.234014
3.258141
5.157098
4.404898
1.588798
2.571837
1.939819
1.785986
1.313696
1.232562
1.516916
0.552971
0.786259
1.122721
1.202585
1.645578
1.608571
1.558639
1.200045
1.067868
1.161769
1.581542
2.478005
0.819773
0.881451
1.643583
3.296327
1.136236
1.332789
1.799773
1.268617
1.959955
3.933968
7.300771
1.420567
2.747347
2.483220
2.907574
4.265215
5.949229
4.201134
11.147166
1.605442
1.315601
1.396780
1.176395
1.888821
1.379184
0.752789
1.634127
1.374512
1.814921
1.465941
3.319456
2.375283
1.893061
2.215692
1.851882
2.108798
2.170159
1.677914
1.374785
1.560136
1.903764
2.057415
4.280317
2.331020
2.155102
0.885170
0.905533
1.054422
0.839184
0.912245
2.042902
2.938413
2.357415
1.018367
1.748299
2.348345
0.872426
0.663946
0.848209
0.514150
1.018413
1.237778
1.714649
2.128798
1.876145
0.943764
2.440635
2.706984
1.406122
2.797596
2.570703
1.421043
2.208844
1.015170
1.367302
1.486122
1.428617
2.190272
1.169025
0.956054
1.149161
1.481678
1.250522
0.877234
1.804739
3.031202
1.574739
1.028753
1.005306
1.227619
2.061315
0.963900
0.401088
1.405351
1.277778
1.060385
0.967075
1.649569
1.176961
0.844218
1.237415
0.914921
1.015079
0.811927
0.946259
2.200091
1.171383
1.620816
0.827302
1.128345
0.844036
1.078299
0.912177
1.445941
1.128345
0.669977
0.882971
1.300204
1.327120
2.167732
1.536689
0.626689
1.705941
2.661701
0.450023
0.763084
1.404150
2.399048
4.965941
2.941293
0.897143
3.068730
1.066100
1.762494
2.908390
1.720023
2.774376
0.706349
1.647211
2.750385
3.829161
3.149501
1.341202
1.395057
2.025782
1.281519
1.739887
0.832086
0.661043
1.212449
2.879569
6.408617
1.469206
1.686168
2.145420
1.349206
1.385170
0.464331
0.819048
3.068980
1.824218
1.806463
1.996327
1.955011
2.908209
1.703764
2.663129
4.199002
0.901134
1.032018
1.479955
1.414739
1.911746
2.992925
2.129615
0.894399
1.264717
3.922200
1.018866
1.796009
0.940272
1.246576
1.684785
2.343401
1.870385
1.400816
2.607302
2.563810
4.217415
1.820635
1.196417
0.647755
0.681746
1.790340
1.217778
1.320227
0.956009
1.726259
1.649138
0.902449
1.001701
1.724399
1.308639
1.776871
2.192426
0.862086
1.964807
1.477143
1.393016
1.695329
0.612018
0.851973
0.885941
1.253197
1.357120
2.144535
1.693061
2.201361
2.372358
1.511134
2.106508
1.272517
1.958322
1.091429
1.164989
0.958866
2.136599
2.225261
1.323991
0.910862
1.971769
1.237687
2.180408
1.516757
3.392653
0.800907
1.635714
2.078435
0.929342
1.297120
0.971451
1.016327
1.532381
0.704263
1.323129
1.843923
0.614830
1.205918
1.889932
1.704263
2.500454
5.723129
2.066531
0.630068
2.100544
2.156599
1.168413
1.181905
1.118594
2.947166
1.079887
0.714399
0.604626
3.087438
7.508980
1.867029
0.472018
2.460794
1.895896
2.485306
1.887937
1.433469
1.630703
1.831066
2.497982
1.577528
2.577098
3.608844
3.190590
1.754649
2.617732
4.403764
0.929206
1.219773
1.139683
1.434467
1.001995
1.868776
3.411156
0.479002
0.513311
1.763855
0.873152
0.792154
1.436553
2.143084
4.675420
0.802268
1.083719
2.472426
1.688571
2.221995
1.514649
1.439138
0.760522
1.554694
0.681361
1.199365
1.127483
0.872585
1.157823
1.436825
1.943492
2.740408
0.568435
0.440227
0.617687
0.489116
0.717370
0.696213
0.639909
0.720952
0.570703
1.065578
0.954512
0.440998
0.505896
0.933107
1.074014
0.692789
0.566440
0.642902
0.669116
0.619252
1.033379
0.932290
0.955397
0.724853
0.306644
0.576168
0.599524
0.857755
0.957506
0.652086
1.149751
0.760204
4.435102
1.479592
2.282086
1.235238
0.525170
1.662766
1.322630
2.141542
1.989342
1.152653
0.976100
1.136508
1.477188
1.398526
1.492381
3.400181
0.618730
1.488118
1.996236
0.459637
1.241859
0.352744
0.528390
0.698957
0.366667
0.849751
0.527392
0.521633
0.581179
0.812472
0.514467
0.707574
0.848118
0.887755
0.593016
0.807846
0.742857
0.792698
1.112290
1.163265
1.305079
1.094785
0.914422
0.768934
0.890023
1.241678
1.362812
1.543719
