1.343968
1.066644
1.770635
1.240091
1.887959
0.810635
0.639977
1.781293
1.557302
1.258639
0.877574
1.023968
1.535964
0.874626
3.498639
0.719977
1.055964
1.183968
0.548934
0.863968
0.917302
0.628095
0.885306
1.183968
0.970635
1.290635
0.917302
1.471973
1.343968
1.568730
1.583968
1.807959
1.589184
1.983968
2.383968
2.220952
1.303197
1.317642
2.254671
1.699932
1.740703
1.223220
1.468390
1.733537
1.776417
1.224603
1.615193
1.167959
0.671973
1.963946
1.055964
1.007959
1.039977
1.023968
0.972721
1.007959
0.943968
1.077302
0.938639
0.783968
0.648005
0.965306
0.687959
0.629297
0.698639
0.408730
0.943968
0.598299
0.831973
0.693968
1.279977
1.315102
1.599977
1.770522
0.716916
1.695964
1.023968
1.577166
1.846281
0.775964
2.559977
1.109297
1.146644
1.490567
1.507143
0.770794
2.682222
2.365714
1.705034
1.393560
1.335986
2.148209
2.400227
2.480000
1.786531
2.763946
5.074286
1.388662
0.944059
1.523946
1.966213
2.011156
1.841814
1.928435
2.004127
3.218095
1.619909
1.704626
1.535873
2.839184
3.454376
3.197460
2.509955
5.603583
5.890612
0.786213
0.800045
1.112653
1.349932
2.975556
0.657143
0.841224
0.699819
0.738367
1.111020
0.951088
0.879252
1.564444
1.143356
2.504490
4.304580
1.433537
1.647891
0.699864
1.221293
1.152789
1.972789
1.568798
2.329070
3.200340
2.133061
2.272789
1.998413
1.963220
5.820408
0.655556
0.716553
1.215238
1.668707
1.361905
0.865873
1.191429
5.050000
2.754762
10.963764
4.752290
2.277211
1.092517
2.168435
2.779138
3.661429
3.232653
3.471655
3.565465
2.659864
1.383810
2.488889
2.889456
2.584490
3.676553
2.069320
1.760635
1.877188
3.346395
3.011905
1.382313
1.283673
2.243311
1.605102
3.071610
0.957098
3.261451
3.508186
1.856327
2.009478
1.106440
1.540635
2.063855
1.762449
1.874150
1.890431
3.704263
1.097528
2.952540
3.502721
3.474717
2.357914
2.773696
2.476803
3.953515
3.616531
1.616667
0.963628
1.350862
1.421905
0.713469
2.295873
3.017143
8.955556
10.754649
10.577460
1.534376
1.283923
1.632426
1.153469
1.330431
3.559184
4.876871
3.623810
3.547868
3.929252
2.760998
1.942585
1.226168
2.696485
2.135601
2.927347
4.856349
3.294558
2.051315
2.234921
2.978776
4.406077
5.225986
3.658639
3.967959
4.447959
4.223968
4.042630
4.152608
0.684512
0.503605
0.702404
0.963628
0.735964
0.783968
0.981293
1.151973
1.055964
0.879977
0.975420
1.058299
1.455964
1.215964
1.549524
1.207959
1.175964
1.055964
1.311973
1.994626
0.825329
0.816689
1.500590
1.129070
1.787937
0.811247
1.175510
1.237914
1.455964
0.823968
1.159977
1.343968
1.201247
0.783968
1.226644
0.863968
1.535964
1.226644
1.034626
1.162630
1.923719
1.759184
3.335397
2.613764
1.087959
1.256122
1.045760
0.732902
5.200703
4.800454
5.836168
6.638639
5.459342
1.675533
6.623946
0.909615
1.425646
7.174853
4.002358
3.987438
3.129819
9.086893
1.854921
4.692608
2.384512
2.339887
9.915692
2.035170
2.334694
1.116712
1.387120
1.253243
7.980408
1.912653
0.622721
1.285057
9.236213
1.919955
2.054195
2.036848
6.187755
1.366848
1.862268
7.179728
4.635964
4.073129
5.127256
5.006327
5.062721
2.742336
2.807959
2.983651
2.788277
3.313923
0.394104
0.314240
0.722608
0.537120
0.749002
0.546372
3.048821
1.141655
1.018776
0.824082
0.944218
1.224830
2.539660
1.858481
1.595556
1.354104
1.239932
1.500068
1.440340
1.532086
1.385057
1.945896
2.327823
2.291406
2.424308
3.825873
4.096054
4.289229
4.834195
4.871723
4.090862
5.026485
1.576417
1.118186
0.673492
2.077778
5.633447
8.764014
5.526145
2.941519
1.218980
1.707302
5.788073
3.003855
1.239410
2.407914
1.260544
1.668345
2.375488
1.993855
0.682404
1.487687
2.617868
1.866168
2.719773
3.401519
0.764830
0.624966
0.621020
0.640612
0.659410
0.535669
0.668073
0.564989
0.623084
0.990952
1.687732
0.988141
1.696395
1.529615
2.356961
0.945261
5.729433
2.837732
1.057302
3.742812
3.613991
1.761383
1.451338
3.754807
4.760590
7.405828
1.425238
2.523878
2.160476
3.493197
1.934422
2.147007
4.601383
0.820181
1.070567
1.672608
0.769138
0.861927
1.558186
3.136531
1.448662
0.677166
0.846553
1.375510
1.063016
1.676939
1.436349
1.930680
3.163605
2.711474
0.813946
1.288277
3.778277
1.658231
1.629161
1.202834
0.970907
1.046984
1.172404
0.826984
0.782993
2.954331
3.635283
1.301429
0.958390
1.667075
1.825283
2.218345
4.786576
4.867234
4.869388
4.884014
4.628685
4.922086
3.702086
3.054127
1.505488
3.303288
1.551723
1.693288
1.725057
1.712449
1.513265
1.762086
1.988866
1.391088
1.680385
1.082698
0.805692
4.192971
3.237460
3.225215
3.467596
4.035397
2.065125
1.746304
2.522585
6.312222
5.374263
1.558322
5.165669
5.262880
3.052336
2.004240
2.086145
3.472812
2.724853
2.485442
2.373810
1.563016
2.432063
1.154354
0.629297
1.034626
3.103968
4.991973
3.695964
3.795420
3.947959
1.087959
0.943968
1.386644
0.970635
0.714626
0.650635
0.533311
0.917302
1.013311
1.119977
1.183968
1.335964
0.951973
1.327959
1.431973
1.279977
1.823968
0.885306
1.887959
2.796463
2.976531
5.315760
4.056916
9.571565
6.621111
8.822698
8.642630
3.399751
3.309615
3.049796
0.915646
0.655714
0.915646
0.543152
1.863968
1.999977
3.255964
1.839977
1.151973
0.751973
0.543968
0.549297
1.493311
0.938639
0.687959
1.060113
0.862540
1.375964
1.525306
1.503968
1.514626
1.055964
0.789297
0.949297
1.322630
1.109297
1.194626
2.837302
1.423968
0.831973
1.471973
2.031973
1.194626
1.423968
0.623968
1.322630
1.098639
1.103968
1.914626
0.927959
0.511973
1.570726
2.079977
0.709297
1.301293
1.700952
2.983492
3.567959
5.373220
2.645238
0.670136
9.791973
1.546644
0.895964
0.426259
1.188299
2.434150
1.534853
1.219955
1.472971
2.624104
3.833492
0.671746
1.230000
1.465102
1.399909
1.376168
1.759637
1.761497
2.361746
1.434626
1.007937
1.382585
1.754218
1.998889
1.441474
1.738639
3.648617
1.740522
4.305170
3.368073
2.047710
3.071293
2.436304
2.986168
2.773311
3.349002
1.669705
2.242517
1.377098
1.857029
2.645420
1.461678
1.769365
3.970726
1.938866
2.041474
3.472018
2.967891
2.670295
2.026667
2.153333
3.242585
2.644059
3.337687
6.175442
4.407642
1.741565
5.545624
3.901587
1.376599
6.149592
3.996621
1.964308
3.959070
2.465737
0.994422
1.471973
0.981837
1.338685
0.829456
1.251678
0.904875
1.355850
1.071224
1.970249
2.308027
1.512086
3.881542
2.276463
3.710181
2.244104
2.264059
2.160680
2.008186
1.388095
2.544104
1.780023
0.687959
2.039841
1.177823
1.748186
1.960068
1.956735
2.284104
0.985556
1.820023
2.152404
2.137642
1.558005
1.930181
1.657732
2.297642
1.458050
1.666168
2.298163
2.752336
2.442789
1.365079
2.589025
2.568095
2.039615
0.873288
2.143946
0.840476
1.136576
1.779796
1.757551
3.517868
2.303447
2.327959
1.269478
1.247982
1.743900
2.062721
1.247687
1.231905
2.285510
0.907528
2.573764
1.614603
1.199819
2.311837
1.573311
2.208277
1.909433
1.302109
1.529342
1.401474
2.773878
2.421293
1.471837
1.347256
2.699093
2.157982
4.001224
1.461451
4.458503
1.011950
1.516961
1.483379
1.933311
2.252245
2.132721
2.552653
1.395896
1.553560
0.950816
1.459161
0.585714
0.976780
0.858503
0.734649
1.470839
0.978617
0.832948
1.296100
0.650363
0.618639
0.731678
0.709297
0.742086
0.879887
0.603469
0.703855
0.610726
0.718277
0.565170
0.422789
0.799977
0.664263
1.463855
1.176599
1.815941
0.884875
1.483084
0.880499
0.719977
0.695964
1.217710
1.014762
1.193039
0.561315
1.312086
1.066803
0.864218
0.887959
1.717506
1.291451
2.026644
3.221293
2.677732
2.732313
3.552381
1.823946
1.217914
1.537778
2.954762
1.811361
0.876213
2.118209
3.643968
2.594558
2.047755
0.880068
2.109002
0.760204
1.374376
1.036417
0.599841
1.071791
1.223900
0.716417
0.630431
0.545850
0.983175
0.983175
0.877732
0.512404
0.499501
0.335737
0.544354
0.413855
0.400703
0.719955
0.471927
0.297823
0.381179
0.225057
0.299365
0.252653
0.263946
0.446304
0.564308
0.501179
0.551973
0.503696
0.866236
0.973696
0.472313
0.519796
0.543855
0.691814
0.655646
0.943764
0.937823
0.725306
1.095737
0.544444
1.417324
1.790907
1.997914
1.700499
1.820590
0.755556
0.771882
0.521179
0.810363
0.787438
0.979887
0.907937
1.872086
0.686939
1.071746
0.922676
1.930771
1.402517
0.758730
2.153946
2.100000
1.615351
1.377778
1.779025
2.037120
1.205442
1.648821
2.567800
0.802222
0.815306
0.554762
0.538594
0.503923
0.474626
2.378027
0.831837
1.002698
1.162630
0.746122
1.041134
0.809705
1.418073
2.053628
1.119637
1.311837
3.861973
4.620045
2.583855
1.678594
2.167959
2.020272
2.484898
1.549478
1.654921
2.592132
3.882766
2.474830
1.992834
2.101519
2.986553
1.963197
3.275147
1.555986
2.050454
1.591315
1.612177
1.658776
1.184195
0.608141
1.066667
1.138209
0.981293
0.949297
0.825828
0.398776
0.535420
0.948844
0.448345
1.017959
1.163469
0.602472
0.576145
2.848163
2.271905
4.546599
3.440091
3.578503
4.440227
3.610522
5.856689
1.353900
2.197211
1.690839
4.588209
1.956961
1.311791
1.685215
1.720930
2.325306
1.751088
2.575692
4.644286
4.127846
2.878277
3.632063
4.096689
4.207846
1.170771
0.908617
0.799841
0.821156
1.065193
1.790658
0.800272
0.775964
0.863696
1.077438
0.874807
0.768095
1.333265
1.377687
1.114286
1.699161
2.409751
0.970658
1.525034
2.059297
2.955011
1.729841
0.908980
0.892494
0.810635
1.077211
1.013175
1.226032
1.322834
1.077687
1.440159
1.503968
1.397438
1.377891
0.648821
0.821837
1.013311
0.698639
0.512222
0.541519
1.098980
2.114739
0.692608
1.884399
0.938639
0.810635
0.861542
0.949297
0.837075
0.960522
1.039841
1.357007
0.681315
1.048730
1.136168
0.917302
0.631293
0.757302
0.607914
1.301474
0.915510
2.653832
1.483039
2.027302
1.119433
1.237302
1.151973
0.942494
1.407483
0.757438
0.781066
1.317143
0.981247
0.940136
0.917302
1.217664
0.583356
1.632063
1.408277
1.231859
1.599841
1.340816
1.155125
0.910952
1.275011
1.393311
1.103968
1.360181
0.816417
6.551610
6.239615
7.748322
5.707574
3.010068
4.757619
5.055714
7.839955
5.055941
0.855964
0.959660
0.927211
1.064127
1.373968
1.021247
1.023968
0.895964
1.073628
0.791066
1.151769
0.919320
0.807914
1.151542
0.856485
0.629887
0.776032
0.565215
0.975737
0.953356
1.039864
0.856939
0.968322
0.999977
0.704308
1.007778
0.863696
0.727959
1.016644
0.720567
0.839977
0.608753
0.842381
1.205306
0.852766
0.767937
0.757188
0.968844
1.002449
1.269297
1.013129
0.991973
0.875283
1.590136
0.715170
1.673855
0.716190
1.419705
0.835283
0.576168
1.054331
0.651247
1.003016
0.746644
0.574263
0.470884
1.522789
1.173311
1.013175
1.066757
0.640045
0.489161
0.555986
1.290227
2.649977
1.916168
1.325692
1.493719
1.493719
1.493719
1.663129
1.301156
1.643197
1.471973
1.754626
2.044286
1.477302
1.664036
2.746281
1.928526
3.546599
3.600862
4.610998
0.882358
0.553764
1.952721
1.602630
1.856440
3.129478
1.876599
1.892426
1.066757
2.410884
1.528549
1.849138
3.243651
1.476576
1.251610
0.831973
1.302313
1.317483
0.991270
1.110159
1.498254
1.209751
0.631043
2.421361
1.299705
2.121587
1.576100
1.877506
1.727914
1.580000
1.065918
1.327800
1.393537
1.649116
1.911927
0.984580
1.760476
2.378299
0.806304
2.004422
0.943968
1.167959
1.872744
2.072086
1.355918
2.433061
0.817959
1.875692
1.818980
1.212472
0.843878
0.811814
0.943515
1.109887
0.727982
0.833311
1.035397
0.983923
0.928231
2.068934
0.999909
0.983923
2.569138
0.783968
0.832494
0.519751
0.663741
0.767959
0.712086
0.871973
7.778481
9.470975
8.661224
9.245011
9.005488
8.234626
10.301474
4.669297
3.568345
7.519977
4.831973
6.058639
5.023968
5.919977
5.727959
7.273311
2.777098
3.794694
2.713061
4.511973
0.981429
0.960385
1.035465
1.128095
1.034580
1.238549
0.879070
0.806553
0.895669
0.722993
0.772336
0.995986
0.716100
1.048821
0.895147
1.206485
1.148617
0.777937
0.991066
1.116689
0.912585
1.344127
1.992789
3.539229
3.020317
3.904626
1.672948
1.723401
1.685442
3.219274
2.581769
2.802653
1.712426
2.146213
2.579433
3.200408
1.480091
1.095374
1.423923
1.559524
1.416440
1.071950
1.319977
1.168231
0.607959
0.778753
0.635533
1.325215
0.951882
0.664059
0.799592
1.391179
0.933333
1.759252
1.659025
2.384172
1.100567
2.730317
1.353832
4.961542
0.388934
0.642630
0.602766
0.559932
0.712789
0.629433
0.688141
1.749433
0.960091
1.035896
1.091315
1.280091
0.821451
1.344218
1.568662
1.823923
1.386553
0.939773
1.284921
1.146667
1.556327
1.269297
1.269070
1.098753
1.092086
0.930862
1.057959
1.280703
0.947732
1.058005
1.098413
0.895964
1.007098
1.402018
1.104376
1.051451
1.290771
1.893719
1.814150
1.066508
1.061066
1.008503
1.734966
1.853469
1.502562
1.754603
2.376259
1.768186
2.066803
1.202971
1.443900
0.912154
0.942971
1.391973
1.312585
1.025079
1.103810
1.488526
1.929841
2.192993
1.716939
3.379388
1.336100
1.287982
1.359887
1.343968
0.919932
1.683696
1.448095
2.456190
1.728095
1.824104
1.312086
1.066508
1.525125
1.802585
1.387188
1.471746
0.949184
1.738571
1.576848
1.527438
1.866485
2.326961
1.898685
1.928844
2.496100
0.975918
0.788821
1.343855
0.737302
0.799637
1.078776
0.943855
0.580091
1.392086
1.329025
1.264671
2.799342
1.236009
1.184603
1.328095
1.185805
1.664082
1.296100
1.034240
1.231361
1.407959
1.248095
1.263469
1.167846
1.023968
1.072086
1.344104
2.000204
1.439388
1.792086
1.184671
1.119977
1.151859
1.150771
1.088005
1.841655
1.791814
1.410204
1.039841
1.359977
1.632086
3.209524
1.247959
1.264376
1.872200
1.375964
1.856485
1.514512
1.266145
1.463424
0.997302
1.236621
1.274603
1.124966
1.705646
2.812585
1.973129
1.607937
2.876825
0.726553
0.624036
0.863152
0.824195
0.949410
0.834535
0.973855
0.591519
1.031973
0.975805
1.368254
1.104082
0.823855
1.024059
0.887143
0.935556
1.995556
1.045261
1.455964
1.495760
2.176032
1.765306
2.561905
1.873220
0.789546
1.269252
1.388617
0.796190
0.788413
1.098821
0.937959
1.011769
0.885261
1.955646
0.705011
1.654898
1.301293
0.863968
1.258639
1.216009
2.166667
1.953673
0.970544
2.666485
2.687438
0.907551
1.031905
0.770159
2.120839
0.915737
0.696712
1.244104
1.392132
0.735147
1.016009
1.129456
1.613356
1.407846
1.119977
1.419796
1.616304
1.720340
1.207800
1.009751
0.826576
1.628844
0.858639
1.503560
1.689909
1.744376
1.967959
1.728435
1.607211
1.388073
1.141270
1.887982
2.239977
1.765941
1.255850
1.035193
0.906667
0.916848
0.819342
0.789433
1.082630
0.821723
0.733968
0.762086
0.820317
2.064104
1.019546
0.647302
0.936122
2.047959
1.187256
0.847937
0.900408
0.655964
0.820454
1.055896
1.109297
1.092925
0.800091
1.637211
0.874626
0.684036
0.659977
0.863968
0.725034
0.954603
1.130522
0.925918
1.633220
4.524558
2.217959
3.434626
1.233515
2.839977
2.979161
1.791837
1.118390
1.923129
1.973764
2.120227
1.877188
1.439909
1.818957
2.274308
0.991973
1.706644
1.920091
2.218639
0.798050
1.573107
1.275215
1.854694
1.855850
1.169751
1.663968
1.226667
0.853424
1.455397
0.719229
1.184308
1.071542
1.134898
1.802336
2.010363
1.028866
1.765193
2.784104
0.920930
2.111655
1.130590
2.576054
3.552358
1.224082
1.764104
2.666553
2.501565
3.700862
2.928027
1.180794
1.820340
1.589048
1.674082
1.701542
1.643923
1.155782
2.223492
2.679365
3.563152
1.056417
3.608254
3.262562
1.122880
1.539161
1.321383
1.600091
2.999977
1.485782
1.152290
1.735918
1.543900
1.823968
3.460000
1.863719
3.703855
1.847959
1.591973
0.716961
1.602902
1.074059
2.287551
2.289478
1.792154
2.112313
1.115805
1.728118
1.384104
0.967574
0.699751
1.127982
1.055964
2.415941
2.751973
2.184150
1.287959
1.687891
2.064014
5.208639
1.775986
1.892336
2.431678
1.415601
1.645986
3.647959
2.815918
3.039025
1.461293
3.193265
0.416372
0.535442
0.513152
0.549433
0.671814
0.271383
0.783991
0.713560
0.517664
0.632086
0.785850
0.642449
0.463084
0.858413
0.965646
0.565306
0.822630
0.639887
0.570771
0.688957
0.542494
0.863991
1.064422
0.936485
0.751905
0.458435
0.806984
0.728730
0.777370
1.058844
0.703968
1.976032
0.820522
0.807914
1.695102
1.343265
1.631973
