1.299955
1.136689
1.765805
1.632925
1.720091
0.617052
0.579002
1.023900
2.156281
2.306893
0.435465
0.440771
0.483492
0.429388
0.352245
1.817868
2.124807
1.770703
2.618322
2.386168
1.076100
0.702857
0.918050
0.503719
0.614150
1.563673
1.024036
1.333878
2.658322
1.898186
0.855828
1.678458
1.385397
0.711247
0.860771
0.731066
1.102041
0.825533
1.298413
0.996327
1.241315
0.924082
1.015420
1.033288
1.201406
1.927755
2.321542
1.501678
1.446757
1.471655
2.258050
1.276871
0.560952
0.053016
1.179229
0.912472
1.347664
1.441406
3.057415
1.227664
2.200862
1.970295
0.646485
0.928798
0.809070
1.372336
1.315601
0.545624
0.879864
0.609025
1.083039
0.497778
1.486122
1.899365
1.124717
2.670930
2.231927
2.439592
2.207937
2.712880
1.097279
1.232653
1.699184
3.484989
4.581134
2.197959
2.745850
3.119819
4.568889
0.462494
0.547211
0.559274
0.592789
0.836916
0.455556
1.594240
2.375193
0.460091
1.279955
0.985261
0.626304
0.832971
0.959501
1.366395
1.020998
0.907483
1.996327
1.138912
1.543583
1.043084
1.134036
1.366485
1.128390
1.126259
2.620794
1.180726
0.584218
0.536599
0.478413
1.023583
0.531293
0.501542
0.760227
2.797415
1.682177
1.764218
1.392381
1.725669
1.327937
1.536508
2.110612
1.360000
2.739320
2.578503
2.876871
2.791066
2.238685
2.139274
2.666803
3.197370
2.855782
1.520726
1.217370
1.273515
1.348390
1.035556
0.469841
1.015646
1.258957
1.221950
1.199909
0.459683
0.980499
1.059048
1.530703
0.275737
0.744898
2.747574
0.947710
0.458503
0.381179
2.664490
2.570431
4.102857
0.426939
0.597007
2.200204
1.724535
3.082608
0.755646
1.354626
0.985034
0.814263
1.144082
1.436621
1.096259
0.830454
0.703356
1.242177
1.095397
1.681859
0.765873
0.572426
0.648912
0.989909
1.849864
1.115306
4.417664
2.871837
3.564127
2.337959
2.837279
3.498118
3.821633
2.342426
2.722721
4.287959
2.690272
2.472041
2.004535
1.884830
5.235125
4.373061
1.625964
0.897800
1.449932
1.170612
0.921587
1.028594
1.023810
2.354331
1.209116
0.876327
1.167029
2.988980
2.842721
1.234966
3.711043
3.479660
3.403333
1.125737
2.396440
1.008390
3.561950
2.228639
2.768231
2.732426
1.179751
3.365873
1.834717
3.695374
2.610385
3.762562
1.292449
1.503039
1.474807
1.400385
1.612744
1.875374
1.774989
1.105873
4.115102
3.313764
1.031224
0.483447
1.298367
2.365442
2.660363
2.027234
1.659524
2.014603
2.939138
1.995215
1.742063
1.941020
1.249161
1.135737
0.878141
1.069184
1.270862
2.020023
2.183764
2.373764
1.502789
7.933810
8.632766
1.249977
1.018277
1.124240
1.042154
4.252721
1.142721
1.361610
1.235782
2.188186
1.673946
1.261361
1.837143
1.223696
2.541837
1.842948
1.280408
1.409592
1.184240
4.084195
1.094807
2.404717
0.868549
2.027052
2.784853
2.770340
3.539093
2.511270
4.718435
1.608617
4.296077
1.544195
0.984898
1.762086
2.085510
1.465578
1.572789
3.663220
3.405011
3.208844
3.563220
4.289433
5.061383
1.728503
1.919025
2.614331
1.366803
2.301270
4.768798
0.805102
1.272925
2.334354
2.167642
3.388503
6.504490
3.734898
6.162902
2.272971
5.513401
3.827596
5.477143
2.103175
4.511610
3.766440
4.894376
4.594580
3.566531
1.843061
6.385125
5.055805
8.355488
1.761859
5.298685
1.724807
3.891837
2.960272
5.015964
2.512132
2.019093
2.966825
1.602381
0.709433
0.635306
2.074989
0.712426
0.893855
1.145397
1.114943
1.628503
1.544059
0.869410
1.225420
0.951723
0.533492
1.081859
0.662902
1.200522
1.140590
0.993220
0.807664
1.000771
1.051701
2.252472
2.851859
2.085011
2.976395
3.431361
3.147211
2.243628
2.932857
0.947075
1.193719
1.772290
3.324762
1.751633
0.482290
0.417868
3.501587
1.881610
2.323492
3.187460
3.016961
2.060680
1.223787
0.924535
3.521746
6.362313
4.199048
1.035850
2.400544
2.395442
1.341791
0.946939
2.328458
2.820612
1.060317
0.968277
2.174717
2.270023
1.160045
0.875782
0.984490
1.072200
1.372608
1.269206
0.882381
2.348957
2.132880
0.799184
1.028186
0.927574
1.200340
1.562290
1.219274
2.896395
4.033243
0.894989
1.523175
3.183447
2.690567
2.358458
3.976871
2.980884
6.746032
3.800612
3.688980
1.956848
2.000476
1.120794
3.184172
4.776463
2.240227
1.258821
3.071179
0.969229
1.918662
3.274172
2.087619
3.438957
1.821519
1.522857
1.365646
2.134558
1.501270
1.468980
1.129342
1.749909
1.102585
1.158662
1.510385
1.284694
0.929274
0.891655
0.992993
0.948866
0.817551
0.953039
1.032789
0.649909
0.647302
0.578707
1.373605
1.771837
1.018957
1.906939
1.755238
0.744036
1.396644
1.524490
1.905261
1.866939
1.062834
1.115011
0.763492
2.477188
2.281224
3.596100
3.288571
2.874331
1.899864
3.565669
4.260363
2.396961
1.742041
1.301429
0.684399
0.925782
0.978390
3.412472
0.836689
2.864467
5.072177
0.831066
1.216644
1.088889
1.538413
1.811293
0.722358
1.221361
1.585034
1.155828
0.917778
1.530385
1.205351
1.545850
1.564989
2.666803
2.855782
1.217370
1.273515
1.752834
0.697415
1.500317
0.667755
0.737007
1.184898
3.431973
3.296145
2.169116
1.428345
1.367075
2.630023
3.918866
3.772018
2.559864
1.644490
3.259320
1.035646
2.897279
1.722404
3.073424
2.035465
1.615556
2.378095
1.554875
1.841451
2.251565
1.516508
1.035283
1.091519
1.132063
1.078549
1.753288
0.924898
1.522630
1.196825
3.477370
2.867211
4.048617
2.726667
0.968707
1.657551
1.487619
1.892925
2.824580
2.861587
1.627075
2.400181
1.064807
3.395828
2.531338
1.570567
1.930204
2.072834
2.468844
2.369660
2.946349
2.615737
2.029297
2.933923
2.261179
2.104354
1.564036
1.907574
3.318866
2.052472
2.077778
0.736077
1.452494
1.648481
1.077234
1.608345
1.238639
1.270068
1.653968
1.177007
1.122721
0.894875
1.044671
0.811429
1.664308
2.350068
1.811474
1.812834
1.274603
1.680748
1.332562
0.988481
0.790113
0.625760
0.588299
0.978367
0.487664
0.777732
0.655873
4.296961
1.764444
2.075737
1.651247
1.062358
1.791020
1.923719
3.211474
0.483764
2.086032
2.288027
2.447846
1.757551
1.495193
1.260499
2.675964
1.818685
1.538141
3.666440
2.957868
2.185760
1.803447
1.458231
1.066032
2.509705
2.851519
2.238095
2.075102
3.179184
4.363673
1.761043
4.768662
1.662041
2.968753
1.262494
1.327029
1.463855
1.533787
1.200907
2.044807
1.184263
2.796644
1.482494
2.694376
3.589932
1.817959
3.417596
2.252834
1.973515
2.257052
0.711020
2.903401
1.384898
3.255011
3.421769
2.149977
2.574422
2.357324
2.072698
2.657098
1.695692
2.643220
2.220907
2.672562
2.201859
1.502086
1.386576
2.551655
1.131111
1.001633
1.724898
1.285850
2.664626
1.940227
2.219184
1.062494
1.791655
1.377415
1.525261
2.945896
2.413923
2.493923
2.583129
1.916735
1.070159
1.402902
2.985125
1.511066
1.031474
2.939501
3.450159
2.399728
2.440998
2.983764
0.907846
0.987483
0.831746
0.830658
1.045034
0.721224
0.944036
1.131066
0.930068
0.782358
0.782381
0.666893
1.347664
0.960998
0.857959
0.631973
0.937007
0.778186
0.791429
0.791451
1.037732
0.712245
1.135374
1.917506
0.861406
1.004082
1.287483
1.314286
0.980317
1.943583
1.691791
0.846939
1.143311
0.913787
1.008889
1.248254
2.512653
2.695374
2.209342
3.112925
2.113741
2.979637
3.030703
2.305941
3.077415
3.436916
1.531610
1.403220
1.398639
0.745125
1.373197
1.877460
2.394921
0.900544
1.499955
1.671610
2.261542
1.375601
1.471701
0.990068
3.210385
2.555918
0.847664
2.216327
2.699410
0.951066
1.637778
1.488254
1.138866
1.944535
1.453107
2.616916
2.814603
3.770385
0.805533
0.971383
1.359864
1.201088
1.263039
2.079546
1.894830
1.916009
1.158277
3.862766
0.853424
1.111973
0.972789
1.817596
1.222630
1.897732
1.433515
1.982766
2.391565
3.153107
2.240000
1.713923
2.500771
2.273288
2.730839
1.412200
1.219274
1.773152
4.184172
7.274875
3.525850
3.556599
5.654921
6.174376
3.538458
6.919728
4.665578
6.322948
0.861769
0.304943
1.499456
1.804717
2.143991
0.802676
1.169025
1.093515
1.071020
1.093243
1.273469
1.258186
1.203810
1.063764
1.292925
1.412290
2.532653
1.480000
3.645760
1.287029
1.009478
2.758231
1.243220
3.381678
3.327483
2.068435
1.186667
1.887483
3.247166
2.635828
3.730522
1.676644
1.368345
2.459184
1.028390
2.619683
2.474512
3.458435
2.544989
3.522268
5.670635
1.719955
1.165805
1.097642
0.558141
0.614104
0.395737
1.487937
1.438322
1.835057
1.461224
0.929660
1.285986
0.559819
0.657234
0.760272
0.574376
0.642358
0.502358
0.735193
0.663311
0.729342
0.661814
0.790385
0.315556
0.457324
0.407528
0.433832
0.631066
0.564444
0.411791
0.559274
0.610249
0.580680
0.668073
0.904082
0.727574
0.934512
0.673923
0.439819
0.547710
0.384580
0.586122
0.581995
0.516281
0.390975
0.374059
0.781179
1.134014
0.916825
0.989841
0.649433
0.467710
2.248526
1.577732
1.825896
0.891429
1.020499
0.810204
0.552653
0.605533
0.733107
0.657098
0.739546
0.597687
1.007256
0.627256
1.070839
1.374240
1.802449
1.563220
2.961995
1.046621
1.059048
2.716780
1.763673
1.973152
1.096689
1.635147
1.544308
3.396100
2.346984
0.375601
0.456281
0.668889
0.437324
1.183991
0.807483
0.434104
0.705351
0.918413
3.005850
1.279320
0.799909
1.364989
1.874286
0.849070
0.731519
1.154195
1.229388
1.242812
1.261224
2.441474
1.069229
2.165261
4.615261
0.694830
1.460726
3.583968
0.755556
0.469977
1.860522
0.730884
2.268617
1.962630
5.094853
3.669297
5.461293
0.520204
1.988957
4.071519
4.575488
2.615873
3.845646
0.815147
1.102222
1.285306
1.133787
2.576100
2.529705
1.623084
3.214649
2.706621
2.062268
2.151156
0.453016
0.335102
0.304399
0.385488
0.495737
1.978186
2.283039
2.859546
2.455828
0.453016
0.335125
0.304399
0.385510
0.495737
2.933832
1.988027
3.790930
3.091973
4.198549
0.864444
0.555646
0.518050
0.856508
1.262630
1.186667
0.838141
0.882948
0.846667
1.814785
1.078503
1.123537
1.736961
1.656145
0.585329
0.391791
0.349093
0.409478
0.428662
0.382086
0.375896
0.383900
0.295646
0.737778
0.805283
0.806621
0.764059
0.645147
0.746327
0.406803
0.609320
0.406281
0.640068
0.646145
0.895465
0.844535
0.946213
1.097370
1.120998
1.164490
0.898957
1.165760
1.162404
0.966168
1.156735
0.637279
1.396825
0.911156
1.062902
2.271111
2.769161
0.958685
0.975351
0.992517
1.099116
0.867846
0.792902
0.593787
0.686281
0.613605
0.643401
0.712517
1.328027
0.989433
1.032562
0.906848
0.998503
0.990385
1.132948
0.932426
0.831066
1.486190
0.660181
0.823175
0.920884
0.951655
0.986259
1.025306
0.943900
0.829116
1.000363
1.025125
0.937324
0.938254
1.089116
1.145828
1.398413
1.430658
0.365578
0.861043
0.397528
0.799093
0.489206
0.566372
0.869819
2.526531
1.098299
1.428571
0.662812
1.151791
1.037823
1.563220
1.474512
1.483220
0.686032
0.893107
2.834626
2.610091
1.870431
1.459048
3.097007
4.469569
1.265057
1.647120
1.156417
1.103175
2.843673
1.998685
1.783810
2.371701
3.073469
1.504444
1.720045
2.268889
2.837914
2.016780
1.898141
1.604807
1.010612
2.252381
1.618866
1.485306
3.903401
1.172018
0.587619
0.534512
0.681769
0.461678
0.731519
0.841814
0.639955
0.634240
0.501678
0.513469
0.488844
0.503175
0.385488
0.458050
0.547075
0.496327
0.673923
0.426485
0.393152
0.487800
0.753107
0.651973
0.504853
0.729705
1.093379
0.402766
0.801587
1.051429
1.424535
1.557279
0.670159
0.490476
0.463129
0.994739
0.988390
0.576145
1.548299
0.453424
0.910522
0.489025
0.528617
3.246667
0.479501
0.774240
0.797483
0.738821
0.746440
0.849025
0.603084
0.821088
0.951633
0.755329
0.570113
0.906077
0.712245
1.780635
2.439864
0.856916
2.036553
2.407211
1.907075
3.099955
2.225624
2.605306
1.580952
2.495465
1.132381
2.729841
1.003946
1.240998
0.789751
0.734014
0.672971
2.037370
2.380136
0.800952
0.597415
2.287619
3.020181
1.531791
1.626803
1.058776
1.942200
0.925215
2.143537
1.882902
2.448367
5.127460
4.366100
1.612109
0.825986
0.993424
1.097460
1.184444
0.867120
0.926984
0.513832
1.132971
1.126576
1.177551
0.613651
0.952971
1.946757
2.556168
1.118730
1.323900
2.930658
3.273107
1.694286
1.605624
0.997551
1.411927
1.283084
0.916508
1.624807
2.391293
1.228435
2.566667
3.152971
2.287528
1.136032
1.296145
0.886304
0.617937
1.314603
2.675465
1.154807
0.552925
1.795714
0.988345
1.574694
0.804762
0.742948
2.720726
2.254286
0.883084
0.751474
1.170249
1.106304
1.559320
1.713333
1.019592
1.905306
0.748753
0.977687
1.389161
1.882902
1.255420
1.937279
0.925442
0.910249
0.738367
0.970748
0.912608
0.746168
0.844263
0.862676
0.790658
0.930023
0.963084
0.770068
0.795782
0.716145
0.833651
1.727710
0.962630
0.947211
0.886168
0.996281
0.798277
0.867347
5.092562
5.086712
6.198730
4.555828
5.338367
4.803673
5.271791
3.127891
3.177823
2.809887
3.797778
4.477596
4.055283
3.549705
5.999048
4.861224
1.159365
1.352880
1.882222
3.844671
4.251020
1.003764
0.710476
1.316372
0.806304
0.950658
1.198050
0.797098
1.224082
0.701814
0.602857
0.846395
0.617098
0.444127
0.676417
1.312245
0.535828
0.952109
0.902812
0.933605
0.938912
0.626259
1.572653
1.027846
0.689841
1.261451
1.123265
1.710975
1.528798
1.495329
2.439048
2.314286
1.757166
0.908231
1.758526
5.542540
5.342653
7.192698
2.274649
1.939637
1.192290
1.675510
2.503900
2.165941
2.444853
1.541950
1.020635
1.591202
0.634467
0.817256
0.644490
1.462948
2.071111
0.910612
0.862676
1.018821
0.997143
0.500635
0.915692
0.584580
3.351746
3.412517
1.618503
1.446395
2.388526
1.084626
2.287891
0.772789
0.921406
1.092971
1.978186
1.164943
1.447166
0.938141
1.863628
1.042358
0.874785
1.291338
2.015374
2.213787
0.668571
0.622857
1.267302
2.142585
2.002630
1.581202
0.927937
0.797279
0.942041
1.497506
1.350658
1.269932
0.998685
1.425986
2.115011
2.535737
2.256871
1.012063
1.998776
1.375011
1.297052
0.806032
1.172744
1.354966
1.258503
0.928617
1.123401
0.778730
1.429705
1.092971
1.159365
0.800000
1.022358
1.224535
0.934512
1.237052
0.811610
0.673288
1.067619
1.699410
0.778730
1.200635
1.023401
1.309478
1.607710
2.760816
1.527029
2.445170
2.677370
1.196735
2.170204
1.734422
1.234603
2.451565
1.586803
2.108481
2.471474
2.272834
2.910567
3.177914
2.597914
2.745669
2.723719
3.018685
1.556961
2.161678
2.165624
1.992245
3.618594
1.904807
3.286122
4.660862
3.965351
3.000590
2.642948
0.871746
4.312245
5.222449
4.794104
3.820544
2.365896
2.870159
2.296417
3.324943
1.598095
1.707937
2.505624
1.773696
3.410023
1.636508
2.536417
1.198458
2.753197
2.341315
4.971247
3.294104
3.030567
1.005624
3.678549
3.766395
3.908662
3.748209
2.403220
2.661769
1.068209
1.343810
1.760454
3.209569
0.918277
1.167937
1.454150
2.819773
1.118730
1.185760
1.657460
1.862494
1.451791
2.167710
1.802313
1.245578
1.324490
1.195964
2.543628
2.897279
2.566077
2.169524
1.260590
1.247166
3.274150
3.068163
3.736281
1.583401
2.639093
1.778549
2.470159
1.583311
4.685397
1.686349
1.234649
2.609977
3.626939
4.575964
2.989297
3.191383
2.506440
2.601723
2.844626
1.711882
4.917642
4.048617
3.059456
3.009524
2.816054
2.610249
2.764082
2.754331
2.032653
1.722766
2.598685
2.276553
0.561451
1.958367
1.218186
0.619546
1.214649
1.734286
0.736599
1.107982
1.871950
1.745034
1.262472
1.811927
2.246168
1.315646
1.690794
1.388435
1.633515
1.516825
3.453469
2.499002
2.618776
2.800000
3.749342
4.941451
6.454558
2.413741
2.824308
3.230658
4.547166
1.961315
1.429660
3.403401
2.278095
1.424399
1.690658
2.673379
0.494059
1.222676
0.533515
0.561542
1.569887
1.585896
0.792381
0.507800
0.632018
0.577868
0.705397
1.000635
0.907528
0.799365
2.118277
2.270884
1.302902
0.730658
0.486395
0.526803
0.926077
0.790884
0.846259
0.508118
0.531338
0.582540
1.105397
1.217279
1.511655
0.691202
0.795556
0.621179
0.997052
0.734059
0.947846
0.718912
0.756599
0.648753
1.166576
0.627392
0.736236
0.826122
0.641406
1.130476
0.495556
1.146440
1.339955
1.124943
1.589025
0.841814
0.782132
1.161859
0.999229
1.015193
0.921451
0.664172
0.921179
2.497143
1.747800
2.261723
0.612971
1.084853
0.609524
1.313968
0.455918
0.548481
0.931701
0.791746
1.028254
0.677188
0.657823
1.155147
1.171111
2.000726
1.227800
1.721542
1.587710
3.166939
1.950159
2.435692
3.176961
2.210385
1.176735
6.166939
3.562766
0.631134
0.696553
0.731383
1.103016
0.805442
1.092018
0.709524
0.972698
0.651066
0.522268
1.153968
6.345760
8.317279
4.215329
5.602358
3.852744
2.504943
7.251066
5.298685
4.199546
2.391497
7.056327
3.385306
3.074853
0.673288
3.955556
0.539229
5.916372
6.150181
1.779864
2.633515
1.434830
2.293560
3.518594
3.498617
3.202971
0.980816
2.417868
1.061905
0.848254
3.005918
2.114286
2.407619
7.127120
1.224263
3.464263
1.260930
0.851837
0.666803
2.060317
1.583537
2.380952
1.595283
3.457143
1.662812
1.498594
1.630771
1.920522
1.337143
1.638322
1.487234
1.477166
1.930023
1.053605
2.895782
1.470227
1.786440
1.743673
3.693787
2.945306
3.060499
4.453787
2.654739
4.201088
3.530680
2.563537
3.187574
5.058277
2.832109
2.822177
2.486848
2.847415
1.804286
2.301224
1.382721
1.933039
2.421927
2.841224
1.836984
2.096667
1.311769
2.554830
1.678141
2.844127
1.306213
1.668163
2.461995
3.349320
3.366803
5.398005
5.081995
1.483220
5.567846
3.514694
2.613107
2.612562
2.708889
2.362268
1.228844
2.121905
1.174014
2.773424
1.259456
4.060000
0.847710
1.988549
1.227755
1.240952
3.711701
1.695283
1.184490
2.092358
0.753832
2.969206
1.985918
0.792834
1.755215
1.737098
2.348526
3.039637
3.765805
3.704785
3.659138
0.947302
1.890635
1.964263
0.901769
2.782540
1.403673
2.317664
4.429977
4.405533
3.353923
2.497687
1.434422
1.116644
1.566825
0.740363
2.001814
5.261542
3.619229
1.524082
0.560317
1.523628
1.744082
4.015918
1.349025
1.550091
2.416599
1.576599
2.895873
2.877007
1.410272
3.312971
1.010499
1.646984
0.866168
3.030249
1.957868
3.217098
5.651111
1.833651
1.778231
3.380862
1.840771
2.467891
3.018707
0.575193
2.979297
2.484717
2.414649
2.693107
4.416735
8.260227
8.356054
6.923787
7.647982
8.446168
9.654717
1.238141
0.850658
0.954150
1.647211
3.135147
0.936463
0.927483
2.360227
2.618322
4.987211
2.953968
2.230113
2.488526
2.368299
3.678027
2.609206
2.030658
5.214875
13.983900
0.677370
0.748118
6.068481
1.121497
1.098367
1.092676
1.160680
5.720476
1.623401
2.288163
3.849116
3.948889
1.929864
2.568912
4.395306
1.076327
1.104921
1.104127
2.322630
3.131837
3.349161
6.900317
4.291769
2.428345
0.852245
1.799773
2.600272
1.838005
0.709297
0.577664
4.171247
2.392880
2.496644
2.250658
2.624898
2.558413
2.335782
2.043447
2.312971
5.790431
7.101224
6.624082
6.334376
6.993469
4.065850
4.294422
3.237914
2.684989
2.036780
1.992336
2.026621
1.894649
1.953061
2.536327
2.474195
1.113560
1.064898
2.132562
1.753424
1.348617
1.803447
1.897551
1.280862
1.213764
1.644807
1.917642
0.878095
1.117234
1.156463
2.597415
2.356236
1.338186
1.660998
0.541723
1.716825
1.183084
1.363265
1.067256
2.667891
3.003016
1.584762
3.119751
1.065011
2.894989
3.708503
2.986009
5.381769
3.994626
2.530680
2.455737
2.813764
2.487596
0.646122
1.189297
1.005896
2.724263
2.631859
3.471610
4.992562
2.178073
1.802494
2.790794
2.097234
0.843401
1.120726
0.881905
1.209592
1.213379
1.504807
2.907211
1.755964
1.503311
1.514195
2.404535
2.814104
5.099206
4.263855
2.564444
4.016100
2.383900
5.208163
4.634830
4.297732
1.006531
1.054694
6.025896
2.648435
2.490839
7.023855
2.955238
4.908526
1.664399
2.543628
5.057188
1.584263
2.070385
1.133923
3.230703
4.432925
3.936599
1.108617
0.911610
4.948005
3.261814
0.968798
1.464898
1.217324
0.833152
0.601043
2.481361
1.663129
1.849977
2.303265
2.198594
4.195465
3.181769
6.998866
5.382086
7.969796
6.842766
2.198118
1.925850
5.200454
6.645351
2.002222
2.199728
6.949819
3.376893
2.878685
1.469546
2.277664
2.072449
1.771451
2.050023
6.140000
2.809342
5.969569
3.120907
2.674104
10.009433
0.949478
4.513288
2.873379
3.758481
6.413243
5.402222
1.162698
1.206032
0.850295
0.795011
3.723628
3.280227
1.823810
2.681587
2.088934
0.739093
0.739501
0.988844
0.635556
1.323900
1.417098
5.127574
1.252562
1.692834
4.044082
3.491429
1.281134
1.384535
1.777324
3.216916
0.332562
0.926349
1.790204
1.326485
1.576145
0.705215
1.340363
1.122721
1.117460
1.027687
0.736508
5.010204
4.684399
3.308118
2.654104
2.419773
2.124354
4.322177
0.882948
0.976100
5.645624
6.861995
2.012063
1.607438
1.854104
0.888617
1.354603
1.006440
1.745079
1.869070
3.298503
1.276190
2.181859
1.604649
1.136803
1.380045
0.949320
1.426803
2.529093
1.523424
1.184898
0.957596
0.744172
0.952063
2.012653
1.077370
0.973379
4.491814
1.037188
2.731701
1.908209
2.252018
1.492993
2.288753
1.514875
1.802857
0.993039
3.495805
3.752268
7.359002
3.120045
3.667755
5.536417
4.075488
2.340680
8.112812
8.828753
1.327846
2.038707
1.675964
3.859819
1.653900
1.277596
1.258141
2.082494
1.696916
0.903560
4.122449
3.751950
3.352880
1.755193
2.404399
2.435964
1.090000
0.997982
1.546961
0.690159
3.167052
1.834785
1.393991
1.466327
1.923651
1.243673
2.344150
1.642721
1.499138
3.692041
5.477574
1.588345
7.944308
8.571429
8.254444
1.400476
2.677778
1.619365
6.686757
4.107664
3.767619
6.905488
4.004354
4.106304
2.825261
3.598503
3.550204
2.679909
3.119456
1.475964
3.484082
1.387551
5.935465
2.639410
2.667574
1.352132
0.954376
1.163152
1.164807
1.002086
1.545805
0.840998
1.481202
1.821247
1.486349
1.557868
1.282472
1.382268
1.055646
1.326077
0.749955
2.977937
1.514399
5.274898
2.133061
3.460408
0.574399
0.989433
1.471451
1.092245
1.400499
1.299728
1.662177
2.049025
2.238050
1.857642
4.716009
2.060635
1.114059
0.920045
0.995941
1.185465
0.892971
1.301293
0.708322
1.140680
1.550544
1.306712
1.268413
1.174898
1.307778
1.043900
1.408776
0.586757
2.440363
1.386440
1.626349
2.872449
0.485397
1.096463
0.979660
1.148163
0.836190
1.020317
1.192993
1.600635
1.146576
3.271066
2.061451
4.731429
1.223220
1.626621
1.654966
0.765533
1.202902
0.680771
0.923673
0.772608
2.049206
2.596916
2.163220
4.832200
6.085170
4.916009
2.290658
5.511973
3.574331
8.463175
4.211746
6.963129
6.412109
1.489977
1.913333
1.508254
1.870476
1.308571
6.090317
6.371247
6.709161
5.327211
3.811156
5.605170
11.006531
1.281315
1.665896
2.641406
5.103537
8.634014
5.540204
1.760771
1.749161
2.545624
3.661270
1.205261
2.474422
1.006984
0.529297
0.842540
0.805896
0.917324
2.365896
1.651746
2.660499
2.645261
3.005760
0.821088
1.312472
3.328798
2.499456
3.341746
2.216689
3.108889
3.015079
1.547211
0.992018
0.947415
1.470794
0.834785
1.484762
1.805034
3.112086
1.847687
1.074739
1.217347
1.052018
0.798005
0.874558
1.399229
1.090113
1.365261
2.838050
1.562086
1.339864
1.817052
1.900998
1.867302
2.224286
1.220703
1.740272
4.142812
2.014286
0.899819
0.868435
0.827438
1.040000
1.315374
1.336689
1.001723
0.987188
0.769070
1.452268
1.455261
1.532404
2.660000
1.795714
1.184807
2.023447
2.364036
0.946190
1.181429
2.951950
2.800952
2.080295
2.818776
1.667664
1.682358
1.572834
1.698005
2.156009
1.134558
0.974286
0.898050
0.705692
1.071224
5.788118
3.101497
4.902540
5.626259
6.280499
5.406757
15.186259
5.842177
6.589796
2.428118
2.030839
3.633968
5.155714
1.907574
1.331769
3.267234
3.405261
4.916190
4.222449
4.905760
4.590748
1.079501
1.323946
1.662902
1.694694
1.250499
1.042744
1.105215
1.640975
2.460930
2.376508
1.342744
0.830204
2.683696
1.081156
2.565397
1.606463
1.264422
2.523401
2.601995
1.030612
1.809705
3.482381
2.851837
2.613515
2.431791
3.939683
3.163628
1.717370
1.897324
0.921202
1.541179
3.358934
3.994921
1.510635
0.757868
0.705170
1.315737
1.213651
2.066122
1.548254
1.092789
0.821723
1.392245
1.700726
1.067370
2.288526
1.599320
1.142812
1.705125
1.486621
1.983447
2.895850
1.683537
1.717392
3.486281
2.762358
2.344059
1.768707
1.407574
0.651905
0.577392
1.108299
0.817324
1.576553
1.562449
1.509229
1.611973
2.277007
1.159955
1.142086
0.275125
0.739864
2.821088
2.035964
3.138912
1.875510
3.082812
2.594376
0.829342
1.950748
1.666372
1.079841
1.613583
3.377188
1.770385
4.289002
1.975488
2.138367
1.991701
1.925669
1.754331
2.295986
3.328481
1.456281
2.153197
1.273469
1.576463
2.184626
1.924036
1.882494
2.283832
7.831814
3.185215
0.575147
0.928866
0.903991
1.680635
1.329206
2.703968
3.504694
0.998277
0.917732
3.616599
6.137823
6.203175
2.878277
1.711247
1.728594
1.520726
4.398413
2.427392
1.634104
3.295510
1.703401
3.525941
2.607574
1.922358
2.421406
1.130431
0.742812
1.117959
0.608617
0.864490
1.111156
1.490249
1.869796
0.801633
1.009524
2.092789
1.845896
1.599955
1.945601
2.024331
2.340340
1.668413
2.067755
2.288617
2.128912
2.663923
2.301859
1.495283
2.340454
1.643424
1.291383
3.341270
3.533107
2.858866
3.059410
1.709773
1.913197
3.701723
4.194467
2.557370
4.292880
2.978413
0.959138
6.393424
1.739138
1.854059
5.045714
1.211610
0.702993
1.615692
3.664853
1.020952
0.937075
1.646712
1.217937
1.326304
0.760068
1.765714
2.428481
2.719365
2.739184
1.969569
1.003923
1.521156
1.979592
1.074150
1.608503
3.588889
6.057188
3.770748
4.052018
0.741678
2.025601
1.121565
1.150590
3.535918
1.636825
0.608934
2.761134
2.145351
9.699184
0.900544
1.922902
1.519229
12.414036
6.215556
6.974127
4.202948
3.043968
4.127392
3.174649
2.113923
1.218322
7.437506
2.596780
1.707166
1.888435
1.738141
1.325646
1.139184
1.007982
1.480272
2.644807
3.555556
2.317642
5.648390
0.986077
1.395556
5.013878
5.654195
2.830635
1.600317
3.425488
1.286168
1.699546
1.410249
1.341995
2.808209
1.666712
0.827710
2.243900
0.960771
1.478458
1.545215
2.550204
3.683107
2.420998
1.226032
2.035578
1.164104
2.095760
1.671746
0.742245
0.598367
1.976735
1.253968
1.201043
1.349841
2.416168
0.737370
1.157007
1.145125
1.179138
1.417732
1.286667
0.613560
0.562993
0.691927
0.739274
0.842993
0.976961
1.188163
0.558776
1.738639
1.370159
1.067370
0.907755
0.673469
0.695828
1.224490
0.699320
1.474059
1.403084
1.113741
