1.305828
1.622449
0.540816
1.190998
1.587664
1.548277
2.373719
0.751882
1.024036
1.012676
1.494512
0.578934
0.979728
0.679751
0.611973
1.152948
1.754717
1.213719
2.112245
2.083333
2.277664
1.348889
2.268707
2.698980
1.901723
1.393129
1.837664
2.341088
2.809274
1.820839
2.393107
0.375011
0.460000
0.743175
1.058730
1.062063
1.103401
0.671791
1.205964
1.172313
0.676644
0.869116
0.369955
0.718730
1.823946
1.169569
0.913061
3.157460
2.357143
1.219592
4.853878
4.724059
0.879478
2.565102
0.951519
1.448299
6.497143
1.392902
1.650227
1.268753
1.938095
3.123900
2.676803
6.081429
5.088209
2.075896
1.230000
2.000884
1.282540
2.048390
2.154558
0.926803
0.935646
0.900680
0.850159
1.008163
0.935374
1.139660
1.694558
1.020680
1.677778
2.426984
2.930408
2.635714
0.920816
1.165714
1.960544
1.774376
1.359728
1.780045
2.170068
1.407800
1.139229
1.396417
1.981224
3.081973
4.495805
3.449932
1.710544
1.586417
2.588934
2.819841
5.743197
5.413401
0.856236
0.892698
1.683537
1.387551
1.399206
1.763265
1.072653
2.077914
2.126009
2.205896
1.090612
1.964444
0.797279
2.148299
1.995646
1.416190
4.374898
1.054331
0.780045
2.229864
2.171973
3.169796
2.006803
2.497959
2.324898
2.923220
3.152834
2.954603
5.707483
2.228277
2.600522
2.325714
3.487347
1.602902
1.647959
1.723129
2.518685
1.629297
1.679184
1.889932
2.135238
1.227619
1.189048
2.009864
2.486531
1.600091
1.835102
2.342517
1.495918
1.126190
1.121746
2.542154
2.458435
4.813061
7.012698
2.762222
2.181338
2.970000
3.171950
2.658458
3.079229
2.574694
1.220408
3.050816
2.637143
1.008163
3.041451
6.094898
6.306667
3.492630
3.152494
1.644444
2.680159
9.109909
7.204535
5.266531
3.256508
3.631859
5.329342
4.476508
4.050113
3.825828
1.943084
1.836190
3.959184
1.321633
3.045714
1.890159
1.745125
1.278957
3.734830
1.251791
3.145578
3.975601
2.250000
3.358186
1.550476
2.534966
5.038095
2.620385
4.946463
1.544490
0.959388
2.739138
5.222721
2.940703
0.793741
1.440748
1.488571
2.085896
4.727846
3.500998
3.314354
2.356825
2.397415
1.746032
2.176644
0.605760
0.380272
0.586667
1.133855
1.742857
1.840544
2.038571
1.983311
1.314286
4.027710
4.157188
2.527982
0.952698
0.748367
0.689342
0.432472
1.030385
0.966531
0.979388
0.934603
0.819184
0.768186
1.196644
1.250000
1.250000
0.936553
1.064036
0.683311
0.715420
1.996735
1.493356
1.802902
1.266667
2.060181
0.448798
0.499819
0.398141
0.563855
0.777256
1.781293
2.453311
1.760907
1.845125
1.422154
4.245986
5.075896
5.083288
8.214694
3.961565
1.058345
2.358141
1.812721
2.116667
1.734807
4.517937
6.106100
5.284172
4.980340
5.066531
1.590703
1.517755
7.651587
1.463810
2.244966
1.384512
0.920045
3.842132
4.208912
2.831361
2.846168
2.743197
4.477211
3.126281
3.365873
4.891361
3.834104
8.439320
1.848844
2.960023
3.353084
8.536508
6.373810
6.116712
1.703356
4.705442
4.897392
5.848934
8.008186
1.537370
1.662993
1.208866
7.944830
0.603651
0.665964
1.318617
1.363537
1.264649
1.794104
1.984014
2.238571
1.862925
1.988753
3.816667
1.024422
2.129683
3.850385
1.145692
5.840272
2.452086
2.447302
2.225374
2.622222
3.334989
1.519932
3.411633
4.021633
0.727982
0.702676
1.036871
0.858526
0.905170
1.274172
1.175964
2.261338
1.154195
2.337007
3.787324
2.843084
0.967029
1.571995
2.248231
1.187664
0.902313
2.510998
2.251020
2.165850
0.796145
1.317846
0.891927
0.780340
1.046961
0.902766
0.692290
0.804490
1.108163
1.612245
1.708367
2.286576
2.226644
1.013492
2.847959
5.496825
1.062154
2.972608
2.787619
1.570363
0.774966
2.811497
2.332653
1.408027
2.152948
1.174717
6.293311
1.996417
5.003401
3.436621
5.537234
1.054467
1.254558
1.832268
0.984875
1.296190
1.865147
2.611950
1.608912
1.436531
1.857551
2.288390
1.392086
0.898413
1.149116
4.042630
3.268163
1.034626
1.305986
2.351497
2.653333
1.998662
3.745374
2.304512
1.243333
1.195941
1.182063
1.241995
0.961088
0.940317
1.228798
2.070658
1.125079
1.387483
1.770000
2.012676
2.329478
4.951701
3.955556
4.555329
4.808707
4.900590
1.922630
1.650952
2.773968
1.598254
1.908435
1.555510
1.533469
1.941587
1.721088
1.073469
2.108866
2.274150
1.557982
4.498707
4.369002
5.073333
3.838844
3.290635
4.570431
2.887800
3.498571
2.711383
1.749206
1.072041
1.168005
0.829683
2.522630
3.057596
2.895896
2.720113
0.620907
0.874966
0.884762
0.693084
0.891995
0.678345
0.936032
1.097075
1.392177
0.859093
2.710522
1.637959
2.223469
4.047460
4.202154
1.953265
2.695488
1.823039
2.903832
6.447642
6.220590
6.220590
0.878095
0.413175
0.878095
0.647846
0.725261
1.485215
1.106916
1.001723
0.936803
0.557460
0.750000
0.578617
1.263764
1.628753
1.794036
2.502177
3.149342
1.467823
1.644898
1.807574
3.416735
2.500204
2.517914
2.261406
1.463741
1.161746
1.896236
0.657551
0.719456
3.387302
6.528776
1.808662
2.238662
3.222109
1.168209
1.311565
0.896508
1.119773
1.958844
1.208594
0.692358
1.215782
2.011610
0.783855
0.725283
1.127302
1.877075
1.032018
1.066508
2.218980
1.365420
2.918526
1.602698
1.022086
1.279705
2.047959
1.286871
2.278277
1.154467
1.046349
1.580998
1.846145
1.086485
1.375624
1.558322
2.413628
1.374626
2.319342
2.559342
2.602404
2.670476
2.235057
2.515624
2.916667
3.400771
1.622109
2.796168
1.744603
2.177438
2.958299
1.583628
3.220272
2.011202
2.566961
4.328934
2.952268
3.419751
2.187506
2.435964
1.492449
1.562517
2.001859
2.088503
1.568095
1.536213
1.791927
3.999955
5.407959
4.960930
6.690454
3.341837
1.079297
0.811859
0.900000
1.642517
0.877007
1.782880
1.418730
0.727959
0.956463
1.090816
0.924580
1.165147
1.669342
0.670159
3.251383
4.375011
2.355193
1.411293
4.528957
3.641383
2.373424
1.770839
2.687279
3.172245
1.448005
1.625601
1.222585
1.000000
3.699048
2.587800
2.922177
2.852268
2.083333
3.436576
2.832404
1.096644
1.903946
1.796349
1.791927
1.695760
0.875465
0.841633
1.989683
0.973220
1.903152
1.764989
1.957234
2.676508
2.102721
2.000998
1.837891
2.024331
1.144376
1.863946
1.548730
1.829660
2.130862
2.078005
2.360544
1.612177
1.721293
1.090952
1.165193
2.206417
1.748776
1.915351
0.912018
1.085261
2.476145
1.651293
1.978050
2.042086
1.334422
1.608413
2.494785
2.242880
0.933447
2.117438
1.559252
1.391315
1.295374
2.737143
2.976168
2.608073
0.891020
1.469909
1.466304
1.815805
1.116667
1.360068
1.195714
1.587098
1.572766
2.430862
4.250431
2.522381
3.242585
0.847846
1.421565
1.341451
1.194875
1.813107
1.216417
1.578141
1.007914
1.215692
1.668413
2.064762
1.207506
1.153764
2.320272
2.382971
2.105556
1.327800
5.196417
1.708254
2.988639
3.085941
1.209365
2.154626
6.301134
1.194104
0.968549
0.663379
0.796077
0.729728
1.312721
0.904331
1.061995
1.087596
2.433991
1.823515
2.405488
2.580884
1.179569
0.590295
0.862721
0.726508
0.771927
0.866644
0.982200
0.693311
0.924422
0.808866
0.784853
0.832063
1.241156
0.489932
0.881882
0.555261
0.293968
0.443152
0.391973
0.424626
0.442063
0.392925
0.564830
1.438866
0.886984
0.602902
1.985147
2.078209
1.907800
2.142880
1.258912
2.730816
3.106712
2.875692
1.222154
1.416145
1.634059
2.683288
2.873288
2.879977
3.284762
2.730658
2.367596
2.784308
0.959841
0.810476
1.098526
0.671837
0.874535
0.735850
0.807868
1.128798
0.800907
0.953991
0.936667
1.246304
3.423719
0.783968
3.140000
3.872063
0.862245
1.103968
0.863447
1.174558
1.028345
1.199683
0.955624
1.535850
1.712018
1.632018
2.064059
3.023900
1.918277
1.066644
3.305578
2.304263
1.097460
1.503061
0.875011
0.541678
0.691769
3.508571
4.375714
4.711202
5.593333
2.083333
4.016236
2.987438
3.669297
3.045646
4.015646
1.490522
3.632290
1.838980
2.105624
2.513333
1.734082
2.490204
4.339274
5.092585
5.155578
0.567959
0.646213
0.358866
0.474263
0.547143
0.680317
1.328753
1.880680
0.634558
1.525646
0.696621
0.736735
0.629297
0.943129
0.438685
0.737778
0.913356
1.685669
1.490227
1.832245
2.394150
2.005170
3.357959
1.930635
1.514626
0.809070
3.648209
1.023855
0.895669
3.631995
3.720023
1.343810
2.911905
1.064059
2.090544
1.023855
1.549161
0.924127
0.702789
0.598254
1.559683
1.515918
1.562517
0.650952
0.689388
0.574376
0.672222
1.212562
0.374399
0.494807
0.770522
1.088073
1.986939
0.640181
0.692857
0.635624
0.852063
1.623333
0.448209
1.490227
1.001633
1.389864
11.987302
12.376236
6.222948
0.811973
0.642540
1.127619
1.853243
1.175510
1.175510
1.558639
0.928798
2.066576
2.327778
2.079796
1.151837
1.216009
1.344966
1.281927
2.144014
1.262676
0.544218
0.632018
1.426576
0.921542
0.512290
0.787664
1.298503
0.851156
1.695057
0.851156
1.040544
1.493968
2.465329
1.301179
3.072132
2.624172
1.984059
2.655850
2.719751
1.838481
2.399138
2.214354
2.560703
2.639410
1.519660
2.128027
2.463855
1.696825
2.240068
2.239320
2.208073
1.791678
1.450612
1.822902
1.343333
2.334036
1.323379
1.105646
3.773401
2.362517
2.582562
4.665488
5.992426
2.172268
4.304422
2.592857
2.765692
3.322494
3.281678
4.166667
2.501859
2.748345
0.942268
1.343651
2.988707
1.157211
0.757166
1.380385
0.775261
1.332562
2.017891
0.946984
0.947098
1.171293
0.379206
0.643810
0.602290
0.757052
0.776077
0.933311
8.747574
8.184263
7.077596
9.166667
8.908866
5.518707
4.522993
5.597937
5.295646
5.295646
6.353741
4.325941
5.833333
6.291814
6.467415
2.070476
2.815669
4.719683
4.716712
0.863311
0.847823
0.957279
0.896009
1.183878
0.831837
1.130522
0.805397
1.067732
0.917483
0.917188
1.183968
0.951224
1.312132
1.002608
0.821293
0.928163
1.386463
0.884671
1.174717
1.812880
1.450272
1.301134
1.258458
1.296417
2.048005
1.187982
1.695850
1.411156
1.706644
1.283991
4.161088
1.503900
1.311973
1.151837
1.489728
0.819501
1.301338
1.412562
2.099161
0.721088
1.187687
1.611837
0.933175
2.132313
3.232313
4.018957
0.375011
0.437619
0.270839
0.345397
0.345578
0.750000
0.905147
0.924898
1.740907
1.033605
1.802313
0.655986
0.958027
0.807188
1.615918
1.360295
0.835397
1.551973
1.359887
1.340136
1.200408
0.647302
0.789206
1.503923
1.034422
1.010816
1.968753
1.159841
1.096644
1.444807
1.602517
3.251701
0.968118
1.575215
0.810522
1.706508
1.343810
2.133311
3.016100
0.615964
1.408503
1.049093
1.831678
2.896122
1.071043
1.446780
1.110975
1.979184
1.666667
1.189456
1.021769
1.325646
0.986667
1.393265
0.691882
1.303447
1.770839
1.216553
1.077755
2.150091
1.788322
1.128005
1.654218
1.875011
2.755578
2.495873
2.513288
1.448005
1.519116
1.378027
1.856531
1.523424
1.064172
2.708345
4.039932
7.514649
3.651587
3.651587
4.322154
1.336939
2.117642
2.000091
1.094580
3.767347
2.913311
2.944308
2.247324
3.627438
2.913197
1.388141
1.806644
1.098912
1.640476
0.412971
0.721293
1.484898
0.641066
0.920068
0.888481
0.432948
1.702540
0.675306
1.810340
1.035488
0.694150
1.100385
0.863696
1.959841
0.842880
1.616213
1.792154
1.280431
2.271973
3.168027
1.369819
1.438322
2.837166
1.857143
2.133583
0.844399
1.350703
1.516712
0.802358
1.100181
0.593923
0.768526
0.542971
2.316122
0.780612
0.750000
0.765465
0.890952
0.619433
1.138730
2.124966
0.540181
1.618186
0.466871
0.467234
0.703673
0.395850
0.773605
1.175488
0.617324
1.151111
1.211791
0.657778
0.500000
0.750000
0.948707
0.927460
0.813741
1.038957
3.342585
3.907075
1.913855
2.323152
1.320068
3.456281
2.143265
2.368186
2.623855
1.968345
3.359728
0.992086
2.997483
2.178005
1.375941
0.947959
1.632018
2.945782
2.367551
2.048209
1.255828
1.386621
0.959615
1.173061
1.518821
1.833651
3.178571
2.133311
1.834717
3.029683
3.563107
1.793673
1.409478
3.819388
1.473923
3.114626
1.289728
2.218730
2.944240
2.473832
2.794240
2.751542
2.773356
1.088844
1.347642
2.036009
1.301179
1.365306
2.525261
1.391837
1.139116
1.621361
1.983764
1.231542
0.994762
0.850522
1.044354
2.048776
2.155306
2.666463
3.231134
1.264240
1.262880
1.440000
1.744104
1.877302
2.432358
1.322721
1.812834
1.519796
2.304694
1.450726
0.960907
1.386372
2.623968
1.707506
1.621474
1.727914
2.400680
3.103900
2.278050
3.392063
2.497302
1.448889
2.156281
1.257937
2.976054
1.513039
2.109116
6.073152
3.585556
2.185669
1.499546
1.880930
1.957029
4.010204
2.815896
3.540907
3.328390
4.308481
1.834399
2.431293
2.666395
3.311905
3.935714
7.142744
1.666032
0.541678
0.432698
0.477483
0.871066
0.487800
0.438050
0.622404
0.704875
1.192018
0.473832
0.826667
1.527211
0.686417
1.211179
0.755578
1.799252
0.934014
1.011565
3.533220
5.787052
6.016893
4.455805
8.719887
2.570590
1.557120
1.952109
3.349342
2.645964
