1.370385
1.049433
0.546077
2.199546
0.808481
0.764444
0.887256
1.394830
1.058050
1.016780
1.329025
0.754921
0.655147
0.420227
2.174603
2.333923
1.819365
1.275238
1.497596
1.515646
0.924853
0.568345
0.388980
0.930884
0.543492
0.751973
0.665760
0.685079
1.100000
0.759048
0.820771
1.260000
1.807302
0.653878
1.226531
0.861043
0.586848
0.448707
0.824762
0.752109
0.947846
3.696644
1.286304
1.327120
1.750113
1.032109
1.266531
1.568617
1.270476
1.609796
1.518594
0.895692
0.053016
1.070476
1.399909
1.682857
0.997188
0.977324
1.339796
1.175601
1.011111
0.911066
1.583673
1.289977
2.499773
3.982041
0.819864
3.012336
1.938050
3.596689
2.611791
2.782313
2.599546
1.469751
2.556372
2.071156
2.618730
2.006304
2.404535
2.868435
3.444671
1.322993
2.758367
2.773696
2.753288
1.645261
0.695238
0.701088
1.355601
1.006349
0.893741
1.298141
1.017642
0.910975
1.121361
1.706440
1.892834
1.373900
1.586190
2.163764
2.273628
2.343741
2.431655
2.019592
1.969524
2.302517
2.268639
1.560317
2.621134
2.239456
1.145125
1.132245
0.627846
0.693968
0.717279
0.520000
0.706168
0.553288
1.122086
0.559955
1.375193
1.482494
1.050794
1.726349
1.498050
2.663039
2.568662
1.434286
1.011111
1.154286
1.416735
0.951519
1.012245
1.073107
1.164263
1.140998
1.004263
0.474603
0.477279
0.877370
0.986168
3.754150
2.424399
0.745170
0.567574
2.355193
2.053696
2.692653
1.292517
1.232200
1.898073
2.440522
1.624875
1.791066
2.017188
1.098617
1.686054
0.969320
0.888345
1.204422
1.433175
0.782562
1.919705
1.149887
1.075556
0.783265
0.561088
1.155079
1.231633
0.661474
0.778844
0.650794
0.493878
0.511610
0.645420
1.914943
1.075556
0.759433
0.975193
5.378526
2.514082
5.045533
4.033129
4.276644
3.520068
3.504785
4.532880
1.130204
2.221383
0.741497
1.070862
0.875624
0.617937
9.670522
0.832381
0.693515
0.909864
3.764830
3.868526
0.634671
0.791678
6.925329
1.099864
1.128503
4.406032
4.284943
4.164921
3.160113
2.443583
1.606259
1.146871
0.891066
0.871814
1.467483
1.196168
1.156599
0.808481
1.178458
1.467642
1.037732
2.620522
2.741134
4.066168
1.438844
1.321179
1.739592
1.946372
2.721134
1.635805
1.898231
1.824535
1.409955
2.167868
4.276190
2.401043
4.314762
2.301338
3.613311
3.925215
5.810136
5.076553
3.256531
2.803946
4.197982
3.918934
2.394172
2.134263
1.809388
1.809388
1.680136
1.680136
1.435057
4.258209
1.533855
1.963129
3.135442
1.261111
1.600227
1.469048
0.929229
0.779070
0.999274
1.643447
1.514218
2.106803
1.352698
1.597120
1.882812
1.016190
0.555669
1.955306
1.790091
0.976939
2.411905
1.136145
2.736100
1.259048
1.283764
1.205193
3.092630
1.536417
1.678957
2.084966
1.860000
2.280045
3.065057
0.834898
1.354762
1.145147
1.523719
1.191655
1.242834
1.569138
5.366689
5.842676
0.596054
0.666395
4.828458
4.672200
4.378526
1.167279
1.302086
1.038730
1.097415
0.968934
0.602472
0.680975
0.685238
2.472766
2.087234
2.155896
1.956848
3.778617
1.540363
8.295011
1.091859
1.324671
1.644127
1.122222
1.979751
1.048345
1.966644
1.183900
1.658277
1.437619
1.133628
0.861224
0.832653
1.112857
1.027370
0.823673
1.253288
1.253175
1.631905
0.782766
1.399637
1.248980
2.029592
1.673084
0.765261
1.259274
2.660930
2.783628
1.901474
1.442971
1.908209
0.765578
1.294354
2.000907
1.126440
1.614059
3.474875
2.950590
6.826667
5.667664
4.816667
3.378798
1.001451
4.267302
0.990590
1.005034
1.055329
0.937959
1.505510
1.373787
1.506440
1.199546
1.278685
2.560000
0.715374
1.477052
1.497279
1.610023
1.031701
1.274082
0.965896
5.036644
0.666122
3.153311
4.474830
4.386984
2.921293
1.011746
1.405306
2.371837
1.680136
1.760794
1.859501
2.358141
2.774195
1.302902
5.336508
5.742426
3.076644
4.274036
2.140363
4.361746
0.899955
4.165079
3.163288
5.183900
4.359252
3.094354
2.843560
2.783220
6.667392
1.654127
4.824014
0.951723
1.411927
1.735329
2.111474
1.170204
1.284354
4.584830
4.755669
5.274422
2.934830
3.232880
3.102766
2.614399
1.816485
2.631995
1.416916
1.811156
1.611565
1.444966
1.208821
0.816304
0.503560
0.926168
1.143946
1.423288
0.916190
0.921587
1.135873
0.999388
1.146054
0.845805
0.576145
1.078549
0.566576
0.940476
1.308231
0.800522
0.962698
1.259116
2.284898
2.705102
1.282585
6.192290
1.618254
3.645918
1.156122
1.745488
1.285488
2.348413
1.129864
1.377551
3.859456
2.082789
4.004286
1.174603
1.492086
2.190476
3.535941
2.478957
1.315102
1.511088
1.477619
0.985578
1.591088
0.975261
1.753265
2.214966
1.846599
2.350975
1.290385
1.891111
2.930249
1.334694
1.223152
1.002608
1.172857
1.790045
2.595624
2.551111
1.066531
0.960000
0.822880
1.157075
1.441270
1.057619
0.847823
0.588435
0.959909
1.377143
1.200998
2.535669
2.495556
3.739524
2.042177
3.392336
1.284762
1.114717
2.316531
2.301519
4.139297
2.802653
1.280680
1.378027
2.831451
1.221882
3.200658
1.475918
1.586803
3.016349
2.452630
2.706372
0.956531
3.013651
1.357120
1.836440
0.898526
1.661247
2.866485
5.593061
7.630703
6.224490
2.345283
2.167029
2.741270
2.560522
1.845737
1.676644
1.760567
1.539093
1.088118
1.535374
1.349025
1.166032
1.238753
0.698345
0.949683
0.888231
0.731224
0.749433
0.604649
1.088503
0.662630
1.031927
0.532336
0.754649
0.745374
0.910612
0.696395
0.905170
1.316825
1.865351
0.798776
1.334127
1.258118
1.321791
3.610975
1.327256
0.988707
2.105669
1.394603
2.292744
3.620544
3.119274
0.971837
0.547982
0.722608
0.954172
1.880748
2.798753
2.324399
3.781270
2.521020
3.083356
1.454739
0.715510
0.930249
1.156621
0.727778
1.079161
2.480295
3.901837
3.293696
2.199297
3.918957
0.322132
0.417052
0.469569
0.804172
0.945669
0.588118
0.598685
1.076236
0.511973
0.879773
1.084762
0.582585
1.303673
1.081678
1.278322
1.355238
2.445896
2.115057
1.621542
2.445896
0.505986
0.480181
0.521406
0.498594
0.649977
0.394512
0.411519
0.702494
0.831247
0.531791
0.623356
0.540680
0.443084
2.718005
3.008481
1.228707
1.475102
2.328889
2.382313
0.925850
2.034286
3.090476
1.648571
2.034195
1.405488
3.989841
3.386939
1.248980
2.414512
1.409796
2.166667
1.464399
3.974966
3.884580
1.139002
1.138685
1.321814
1.452925
1.931837
1.101678
1.244308
1.585986
1.599138
3.953651
4.484989
5.832834
1.763855
1.712426
2.330748
2.998821
1.683084
0.883673
0.769116
2.557823
0.869070
2.432063
1.930295
1.278231
2.320998
1.862404
1.512834
1.367166
2.293832
4.337370
3.044036
2.672063
1.527098
1.187256
1.028435
0.742404
1.061587
1.538095
1.458912
1.846440
1.103039
0.751474
1.763492
1.960635
0.772834
2.199546
0.636054
0.803220
2.925714
1.171383
0.668662
0.664263
1.097098
4.602766
3.175918
2.764762
3.465669
2.611338
2.146440
2.858866
1.911973
2.333923
1.147211
2.176281
4.084127
1.721406
2.430476
2.861134
1.226621
3.045714
6.331293
1.978912
1.854649
1.486757
1.923719
1.864263
4.367755
1.556825
2.134014
4.720907
3.490249
2.113197
4.098095
6.471156
2.571338
2.236100
2.675193
2.386757
1.442676
1.074649
2.308163
1.950930
1.993832
1.256961
1.102676
1.344218
2.477687
2.738186
1.462540
1.608798
2.095147
1.387075
1.768390
1.633424
1.083810
1.362676
1.967392
1.279274
1.644762
0.506757
0.785624
1.209887
0.647392
0.694785
1.229841
0.997959
1.263129
0.616327
0.510930
0.758912
0.535601
0.780408
1.018322
0.926440
1.801224
1.092744
0.619320
1.097007
1.091111
0.832653
0.676644
0.777370
0.944218
0.931882
2.080862
0.697415
0.922902
0.768073
0.917823
1.124127
1.721451
1.806259
1.443673
3.057506
1.454558
1.638050
2.100272
2.410748
1.941224
2.500816
2.323356
3.789796
3.862404
1.026939
1.467619
1.235147
1.521406
1.538095
2.536327
0.816190
0.847302
0.836644
2.947256
4.016508
1.708526
0.869660
1.221134
1.502449
0.791202
1.008209
0.923356
1.427664
1.116009
1.611973
1.498141
1.435420
1.501315
0.769705
1.385397
0.776327
1.371837
1.043673
1.995193
1.092381
1.047211
2.233923
1.377823
0.974014
0.899456
1.238730
1.641769
2.084807
1.316553
4.354286
0.698141
0.762404
1.167664
1.592245
1.803810
0.828481
0.892063
1.129751
1.229977
0.932517
1.182268
1.951202
1.229751
2.945986
2.249342
2.887710
1.744626
2.413016
1.655102
1.933787
1.273651
0.912925
0.875329
1.344127
1.061769
0.994739
1.573424
1.355193
1.601859
1.705624
3.984082
3.278549
1.222857
2.628753
1.920635
0.417868
1.154286
1.249841
1.000771
1.062086
1.050930
1.233651
1.178322
1.013424
0.876644
0.806032
0.802177
1.416871
1.126984
1.018050
4.986485
2.996054
1.706984
2.433651
1.160272
0.759773
1.670658
1.625442
1.782902
2.791293
1.553832
1.489796
1.057823
0.697143
0.986168
0.980499
0.747846
0.873515
1.019365
0.796689
0.688889
0.744082
0.746259
1.560816
1.002404
0.820363
0.684943
0.575510
0.601451
0.551020
0.672245
0.449524
0.478639
0.538730
0.481633
0.444898
0.405714
0.494603
0.412290
0.485397
0.276599
0.354059
0.378549
0.549796
1.644490
0.684263
1.127755
0.752063
0.837143
1.019501
0.579683
1.196916
1.654739
1.306122
1.300045
1.844354
1.634014
1.146032
1.229569
1.701769
1.421270
2.046122
1.686803
1.462902
0.963991
0.831156
0.799093
1.695782
0.812426
0.531973
0.415374
0.605850
0.429388
0.358776
0.433016
0.473243
0.912789
0.685714
0.665714
0.421950
0.315329
0.614921
0.479728
1.216553
0.572834
1.114467
0.649388
1.082630
0.941678
1.284263
2.073243
2.236372
3.032472
1.811814
1.472200
1.226304
2.228503
1.224490
0.584694
0.532245
1.342857
2.196236
2.892653
1.019977
1.217188
1.502177
1.904535
0.644218
1.048980
0.962449
0.497279
0.731066
0.651655
0.748390
0.462585
0.708390
2.310567
1.498821
2.165578
2.445896
2.115057
1.621542
1.474286
1.908163
1.611791
1.475782
0.463447
0.222721
0.319274
0.415420
0.282313
1.561224
1.084444
1.088435
0.849433
1.944671
2.599501
2.534014
3.246122
0.596190
0.433560
0.536054
0.419955
0.722540
0.453696
0.556508
0.644535
0.474603
0.788707
0.667347
0.540136
0.821769
0.517143
0.625034
0.471202
1.167438
1.489206
1.437143
1.080680
0.986576
0.537800
0.541043
0.537846
0.431383
0.424286
0.408231
0.458934
0.574739
0.558866
0.507800
0.647823
0.662676
0.639433
0.505147
0.362880
0.997007
0.800544
0.881905
0.979048
0.888571
1.083764
0.796735
0.961859
1.039728
0.854376
1.058413
0.728209
1.850567
1.016825
1.048753
1.950159
2.433923
0.992063
0.598231
0.559297
0.587302
0.531882
0.540998
0.779819
0.920816
0.845964
0.749887
0.733447
0.880952
0.943515
0.818549
0.741361
1.249320
0.712517
0.791088
0.804875
0.739365
0.730385
0.794036
0.915556
0.957664
0.686190
0.900136
1.037415
0.918707
0.898481
0.956372
1.069887
0.380930
0.785941
0.442766
0.677166
0.505624
0.481179
0.837098
0.863560
0.903039
0.981973
0.826145
0.917211
1.279637
1.234785
0.961134
1.305737
1.608390
0.819569
0.786621
1.621315
0.892653
1.549841
1.593379
1.506621
0.683356
1.985306
2.715306
2.174218
2.778005
1.102653
1.272653
1.234059
1.223039
1.114875
1.140635
1.529887
1.452517
2.539048
2.632562
0.533107
0.719184
1.889252
0.593923
0.466531
0.572290
0.469433
0.677687
0.598141
0.581088
0.513515
0.411519
0.677823
0.509320
0.446531
0.459456
2.495873
0.838776
0.458503
0.585170
0.554059
0.539546
0.504717
0.723991
0.418390
0.399796
0.423673
0.452063
0.669977
0.542585
0.548798
0.494853
0.648141
0.657868
0.865714
0.414467
0.362993
0.424762
0.391383
0.761088
0.796780
2.426984
2.524104
0.895873
1.040431
0.767347
0.833515
0.808390
2.135488
1.645283
2.229161
2.275760
0.515374
0.361633
0.455556
0.397188
0.412381
0.522676
0.333696
0.388934
0.443719
0.484898
0.421995
0.436961
0.701542
0.588707
0.521814
0.533379
0.590975
0.503719
0.535692
0.476190
0.669388
0.552925
0.500771
0.597234
0.532154
0.522404
0.525306
0.294739
0.300454
0.321066
0.294422
0.370567
0.508707
0.478231
0.323129
0.514059
0.956009
1.002449
0.867664
0.909932
1.755147
0.572154
0.485079
0.918776
1.335193
1.602993
1.191293
0.831746
1.214512
0.626667
0.563810
0.835011
1.169388
1.153288
0.717052
1.498639
0.953107
1.404036
1.620816
1.726259
2.384535
1.493787
1.645079
4.349161
1.784830
1.896644
2.284558
0.471837
0.437143
0.388753
1.055238
0.443265
0.639093
0.745261
0.355011
0.802540
0.538912
0.725034
1.065805
1.026395
0.927166
0.787188
1.016190
1.242132
1.142585
1.559955
1.186576
1.232698
1.300635
2.124218
1.068844
2.023855
1.722766
2.500317
4.267392
0.526485
2.933175
1.827868
0.667891
1.290635
0.757007
1.072698
0.877846
0.780726
0.862653
0.936417
1.075714
0.961179
0.844762
1.513515
0.490204
0.775692
0.999909
0.948526
0.603900
1.200680
0.988707
1.667483
1.245125
1.037959
0.836916
1.382948
0.516463
0.772381
1.145306
0.568163
0.719637
1.136961
0.406077
1.592517
1.077370
0.829841
1.616417
1.787392
1.206893
1.267392
0.653197
0.816735
0.621179
0.847710
1.033288
0.845896
1.036780
1.138821
1.258776
1.078095
1.017823
0.625669
0.877868
0.643764
0.602902
0.634739
0.663900
0.595011
0.603175
0.587664
0.563265
0.638322
0.941134
0.808753
0.745941
0.646984
4.180726
5.038639
3.937324
3.960408
4.770113
2.759501
2.777732
3.673968
2.290295
2.828027
5.971565
2.608844
3.263628
4.096190
2.641723
2.386803
2.733605
2.948798
2.885805
3.588390
2.593061
2.834649
3.517143
0.730295
0.921633
1.004626
0.849025
1.965578
1.016508
0.517823
0.850839
0.951610
1.352834
0.839229
0.821995
0.679546
0.463492
0.562585
0.548073
0.464989
0.620816
1.705986
0.978186
0.900680
0.764807
1.037506
0.978005
0.997868
1.420862
2.227302
1.689206
0.694739
1.293560
0.639683
1.394830
2.670748
2.737914
2.628571
2.630975
4.777007
3.062585
2.007619
1.548027
1.589433
2.039320
2.210567
2.024490
1.169161
1.285488
1.288163
1.266395
0.450567
0.550612
0.722857
0.343333
0.593016
0.396599
0.655714
0.475510
0.847075
0.586349
0.936054
0.668073
0.896009
0.557279
0.501043
0.737596
1.004807
1.177370
1.042177
1.749342
1.677279
1.973469
2.405805
0.884354
2.354195
1.659229
0.973016
1.339070
1.097075
1.602925
1.060272
1.916417
1.393878
0.580680
0.614467
1.048526
0.719410
0.640000
0.780272
0.888707
0.705714
2.010204
0.986122
0.866667
1.044989
0.678821
0.723719
0.565306
0.683401
0.467846
1.113651
0.829615
0.730612
1.324830
0.976984
1.057415
0.627755
0.896100
0.941497
0.963447
0.883764
1.018141
0.869932
1.266259
0.608753
0.893741
0.675828
0.643628
0.947710
0.960862
1.212744
0.707483
0.798776
1.137415
0.738095
0.765079
1.158639
1.140590
2.166077
1.766531
1.807120
0.880816
0.648707
0.655283
1.141769
1.353968
1.117868
1.170884
1.617642
1.377868
1.927392
1.405125
1.291791
1.994875
1.951927
1.031020
0.986757
1.382993
0.909841
1.283492
1.097188
2.768571
2.904626
1.783810
1.893515
2.215510
2.291655
1.317687
1.895692
2.071837
0.913243
2.721315
1.350884
2.609161
4.401134
0.712834
2.413605
2.494694
1.657687
1.620363
2.004853
3.274150
2.777868
0.796417
1.530385
0.898095
1.749070
0.869524
1.272154
1.120771
0.740317
0.751882
0.931519
0.946803
0.936689
0.597506
2.148073
2.274422
1.447664
1.823810
0.960499
1.005261
1.087347
1.494331
0.899048
1.426259
0.883628
1.594376
1.100499
0.641678
0.670930
0.771247
0.966531
1.306576
1.826485
1.130023
3.475147
1.380227
0.971247
0.485261
0.700408
1.147800
1.275692
1.125850
0.621270
0.817596
0.437823
0.866531
0.995601
0.705488
0.852063
0.918367
0.751066
0.966667
0.650476
1.008209
1.164671
2.771927
1.806349
3.335601
2.172562
2.681633
2.310476
1.212245
2.002585
2.170839
1.273333
1.546939
1.740680
1.923810
0.840499
1.136281
2.539138
2.373243
3.606259
2.456553
2.581361
2.415283
2.084082
2.062268
2.218367
1.663583
1.765306
1.601995
1.962721
1.646984
1.792426
2.115329
2.239048
2.296417
2.285805
0.595329
0.591293
0.431338
1.076190
0.740136
0.619909
0.602902
0.543946
1.726712
0.871156
1.136463
1.045896
2.571882
1.981814
1.362721
2.967347
1.203810
1.190340
1.748571
1.237143
0.828889
1.030476
1.864172
1.664354
0.476054
1.062585
0.531474
0.720590
0.484444
0.474286
0.910113
0.489025
0.695873
0.617642
1.249660
0.855465
0.976372
0.831882
0.573197
0.742902
1.248073
0.956054
1.010522
0.543764
0.922358
0.554830
0.820363
0.661542
0.841270
0.722404
0.729887
0.377642
0.476871
0.592018
0.914785
0.609660
0.728481
2.098095
0.628617
0.670522
0.639274
0.794739
0.952880
1.010476
0.873288
0.803673
0.621406
0.568481
0.529796
1.260091
0.594785
0.635828
0.990113
0.899637
0.603447
1.104444
0.920000
1.024626
1.455510
1.116100
0.861134
1.170295
1.023946
0.636463
0.533560
0.494422
1.313515
2.377188
1.224943
2.481497
0.841406
0.464263
0.444853
0.441587
0.884399
0.688662
0.575737
0.667302
1.826803
1.343401
1.396780
2.204989
3.450295
2.159864
1.154739
1.379683
1.872290
1.396553
2.200590
1.945918
0.904898
3.358231
0.745918
1.094127
3.226145
1.678277
1.969864
1.995238
1.815873
0.955692
1.123583
2.636054
0.833016
3.261088
3.412109
1.524535
5.362132
1.827619
1.724308
1.939909
2.434195
0.753333
0.983084
1.602041
1.250113
0.760181
0.919478
1.026395
0.582857
0.539637
2.429161
0.878095
1.181224
1.202222
0.574694
1.428912
0.791859
2.068571
1.952925
1.971519
1.793673
1.040295
1.264626
2.444444
0.925896
0.432154
0.730000
0.752653
3.340000
2.491701
1.337959
1.799728
1.418912
0.715737
1.554240
1.006077
1.389501
1.663991
2.875556
2.738753
1.177868
1.990635
0.864694
1.313968
2.353923
1.145941
1.384150
1.380408
2.111701
1.858050
1.084354
2.123810
1.203696
0.562381
0.695964
1.692517
2.156916
1.460408
2.301293
1.493946
1.454127
1.089342
1.366531
1.284014
1.181905
0.414286
1.553288
2.189138
1.256508
1.580408
2.085669
1.032744
1.916372
1.629229
1.863810
0.771610
0.866054
2.024671
1.279161
1.346032
1.283991
0.847483
2.541134
1.470317
0.802109
1.002086
1.540499
1.043741
0.504535
1.033515
0.907075
2.963810
1.399161
1.734921
1.422245
0.972109
4.751270
4.815351
2.839229
2.732880
4.740590
4.907438
1.121859
4.370476
1.777234
2.050476
3.388617
2.558209
1.306621
2.530227
4.938277
4.343401
6.940930
8.311905
5.519138
9.125828
7.090181
2.267324
8.431361
1.611837
1.673560
1.013016
4.249683
1.773696
1.860136
2.620091
2.132834
3.964943
2.023492
2.269342
3.383265
3.731973
2.362857
4.026893
3.297596
3.858095
1.152222
1.398889
1.943583
1.701769
0.997075
1.181315
1.301633
2.226803
3.358458
2.183628
2.092608
2.459320
4.233878
2.087596
2.497574
2.880816
1.807075
1.799184
2.365714
2.776100
2.867937
1.245079
1.311973
1.582857
1.049773
1.136281
1.628390
2.270884
3.012676
2.030317
1.976100
1.632880
2.630703
1.661905
3.932902
2.573356
2.887143
2.285941
1.029615
2.192381
1.525306
5.980771
1.702222
0.779955
0.516621
3.034875
2.588390
1.354172
3.410340
2.061814
0.521043
4.733333
4.002200
3.859048
1.276961
1.475283
2.672698
1.306621
0.616599
1.264807
0.646576
3.221270
0.612290
3.117098
1.858685
4.840499
1.070884
0.832063
1.026576
3.943583
1.263991
2.610476
2.185488
1.391474
6.918730
1.973379
1.660726
1.414059
2.162313
1.592585
1.640522
1.504649
1.635805
1.701497
1.550544
1.405556
1.001088
1.914399
2.645918
0.894082
1.334195
1.893197
1.859229
2.613469
3.477642
1.625488
4.553741
2.736190
3.685805
3.803878
1.160816
1.206803
2.355828
1.055918
1.060272
2.084580
1.176780
2.731247
1.438209
0.713424
1.228027
1.051610
1.785442
1.877914
2.693628
1.619410
3.941859
1.907347
2.647483
7.877279
4.758912
4.460726
1.518866
4.349252
2.229161
1.543424
2.286871
0.829660
0.989751
1.328889
1.598821
1.131791
0.793787
2.382222
2.558685
1.582358
1.358730
2.312744
2.950159
2.905760
3.240408
3.029206
2.762948
3.888435
2.148209
1.104399
1.104989
1.087392
1.050295
3.583447
0.945714
1.002200
0.980363
1.705261
2.625850
2.422086
2.849796
2.780363
0.893651
1.253878
1.388753
1.580907
1.925624
1.867664
0.419093
0.839410
1.502404
1.619365
3.258005
2.662948
8.343537
4.285941
1.102222
1.597642
1.201723
1.957460
1.556236
1.373968
2.927755
2.414558
2.366259
1.825986
2.724671
3.109660
1.340998
0.585624
2.741950
1.672880
1.098503
3.434240
2.165624
1.465805
1.513016
1.505034
2.306848
2.751247
2.565079
0.626712
1.489410
1.504694
1.188254
1.544308
0.898594
0.817687
1.059070
1.325533
1.307710
0.881995
0.879410
1.129229
1.194512
2.179773
1.975692
0.795374
1.869751
2.574558
1.115057
2.108844
1.345488
0.877188
1.672426
1.023900
4.922245
1.366644
1.708005
5.157914
1.442721
1.925760
1.008345
1.180680
1.327664
1.090000
1.213084
1.127120
1.165488
1.090522
1.120317
1.495850
2.640408
0.591247
1.172222
0.992449
0.562426
1.723787
3.945601
3.495442
1.294649
1.382857
1.159819
0.524921
1.270023
0.722449
1.759274
0.840998
1.448073
1.635374
1.622857
1.925601
2.433651
6.074467
2.578458
2.255556
2.730930
1.585986
2.493288
2.105578
1.018594
0.972381
1.673764
2.100544
2.389365
2.936780
1.330204
1.537846
1.663447
1.949887
1.628027
0.879637
1.600181
2.748345
3.721451
1.870567
1.326281
2.102449
2.015760
0.625442
1.228095
1.207415
4.341882
1.241224
1.901315
0.875760
0.632608
2.216190
3.310567
1.174739
1.395918
0.769705
0.814195
1.671293
1.353333
1.550159
1.957687
1.443356
1.154218
1.902426
2.032812
1.128821
0.654807
3.208163
4.157007
1.915420
1.324308
2.471973
4.540952
5.213741
3.831701
1.456054
2.171655
0.959864
2.263129
2.212472
3.183628
4.749887
0.715533
2.268707
2.426803
0.979138
2.320658
2.731973
8.746848
1.431315
3.469932
1.801565
1.139977
2.085692
2.814966
1.242336
1.766440
1.278821
1.066825
1.084762
1.344762
1.296304
1.412789
0.872336
0.812472
1.402630
1.684172
0.696689
0.641134
3.165624
1.372653
0.919342
1.911519
2.001678
0.864558
1.695896
3.882517
3.470952
1.456281
1.879728
3.107166
1.634875
1.246621
1.950703
1.415692
1.599841
1.220181
1.808390
1.646531
2.034422
1.188027
1.441451
1.377551
1.950930
1.309569
1.851565
1.332971
1.429909
2.725170
3.198005
4.835102
2.775283
1.279161
1.247755
1.040816
1.962902
1.595238
1.760975
0.835782
0.889274
2.877596
2.339909
3.371791
2.069524
1.865374
1.532472
1.576281
1.747891
1.810113
0.969615
2.317596
1.882585
1.610181
1.235147
1.640181
2.018957
1.380340
0.592109
2.141383
1.928934
2.468254
0.950227
0.905737
2.864649
0.778866
0.625420
0.532041
1.067596
1.194422
1.977778
1.556984
2.367098
1.006100
1.165306
0.818912
1.115578
0.420272
0.937596
1.079002
1.547438
0.798005
1.150748
0.843810
1.400975
1.498163
0.604762
1.005420
0.749478
2.594649
1.749637
3.419796
1.743673
1.566576
2.680748
2.228186
3.256145
3.791633
1.279819
3.077914
2.910181
1.604104
2.094535
5.848662
2.685261
1.654580
2.101791
4.195986
2.453492
6.385420
1.186213
1.916122
3.101451
1.180839
0.907528
1.940023
1.391701
1.225079
1.196440
1.093855
1.129796
1.626531
1.279206
1.438594
0.715397
1.243039
0.782971
0.648662
0.720567
0.436395
0.452426
0.777188
1.004422
2.161814
1.155193
1.611610
1.037982
0.968889
0.675351
1.895646
1.570612
1.415556
1.175828
1.613243
1.521361
1.940045
4.183492
3.380680
3.085079
2.988617
1.483605
2.105125
1.502925
5.240454
3.566281
1.718730
5.070023
4.561995
2.937506
1.616508
3.013787
0.786803
0.823583
0.566712
0.627234
1.498594
1.848345
1.334172
1.360975
1.171655
0.968458
0.975873
0.779161
1.084785
1.085261
1.181134
1.201723
1.192630
1.972290
0.366190
0.994558
1.120794
0.943039
0.892336
1.560726
2.646327
0.791156
1.444354
1.926395
1.751338
2.003651
1.330181
1.892154
1.557551
1.213424
1.262404
1.766122
1.528753
1.580091
0.904626
0.792018
0.753515
1.752585
1.928662
0.531610
0.622177
1.458458
1.647800
2.315102
3.117506
1.407846
2.762766
0.946122
3.707211
3.679320
3.985714
1.612063
3.525533
4.771338
2.303356
3.765805
1.402540
1.654898
2.557279
1.403039
1.746848
1.135828
1.441950
1.124218
1.566757
0.445420
1.422789
2.977687
3.528617
1.754966
2.417460
2.146122
2.344580
1.806349
1.236644
1.006032
2.409478
1.437687
1.148753
3.095374
1.269297
1.178957
1.906395
3.240454
1.200816
1.276961
1.992336
1.097959
1.412608
0.565714
0.591247
2.015737
0.926531
0.674603
0.715873
1.434014
0.849161
1.252381
0.988980
1.800975
1.672744
1.620136
1.365079
1.859955
1.019909
0.985306
1.231519
1.586077
1.836463
1.928163
2.291655
1.409683
1.472744
1.521701
1.809796
1.707755
3.967937
3.313651
0.994875
1.214172
1.400748
2.395964
0.961202
0.926236
0.641451
0.585397
1.263832
1.979524
1.904580
0.694399
1.668866
0.659637
2.236417
0.965850
0.811202
0.601814
1.689705
1.463583
2.466077
3.315329
2.479274
1.098050
1.165147
1.027846
0.784376
2.860476
2.397234
2.234853
1.321451
1.859977
2.343084
2.040907
1.598753
4.207166
1.803764
3.306712
3.739161
2.270000
1.727846
0.918594
1.319592
2.782472
1.264308
1.806122
3.192880
1.553628
1.317302
0.853787
1.217732
2.172948
1.610295
0.777642
1.013878
1.535329
1.987551
1.169524
0.622812
1.217642
1.953401
1.350000
0.998458
1.042562
1.310998
1.679456
1.084263
2.663492
1.862449
1.443492
1.201519
5.013605
0.756508
1.112698
2.135420
2.391519
2.383311
1.420952
1.839909
2.924739
3.023605
1.852744
1.061882
1.320726
1.916463
2.868367
2.688163
1.681361
2.969751
0.979138
0.933832
1.598821
1.967347
1.019138
1.047415
1.036803
2.786032
1.994308
1.169524
2.878299
0.925578
0.645782
0.790317
0.502902
1.551202
1.753107
1.843333
2.168118
1.867438
1.438821
1.486871
1.077415
1.129433
1.715964
1.162313
0.989184
0.989546
1.001293
1.649206
1.053605
1.690204
1.657732
2.020726
1.855193
2.228073
0.955510
1.276417
2.257234
1.673220
0.788322
1.791927
1.496508
2.887460
1.322132
0.837642
0.791270
1.253288
0.996689
0.941995
1.464671
2.004127
1.412834
1.119819
0.549569
1.353424
0.873401
1.092313
1.674195
1.160680
0.847211
1.942608
1.608707
2.143243
1.837438
1.422041
1.937891
1.693923
1.736032
2.204036
1.147120
1.403447
1.229683
1.835828
0.828639
1.567846
0.498481
0.712857
1.476440
1.013084
1.244195
0.523447
1.114082
2.372245
1.178798
0.899773
1.819456
0.913741
1.262653
0.864989
0.849274
1.486553
1.145578
1.370249
1.922902
0.553741
0.255510
0.778005
1.074150
1.150930
1.802676
1.787347
1.336780
1.339546
2.459637
0.733719
1.286304
1.936281
1.251406
1.440045
1.386168
1.166621
1.124807
0.851497
0.448163
1.886576
1.780930
2.257052
1.890726
1.216553
1.316372
0.949161
2.436848
1.076485
2.257528
2.507392
2.006893
1.576780
1.787234
0.930522
1.974603
0.696009
1.254671
0.844127
1.315397
0.953039
1.075896
1.849478
2.312132
2.181451
2.422426
2.284467
0.601610
1.517188
0.783175
1.320204
0.988844
1.195782
1.148413
2.763129
1.455147
1.353605
0.844694
1.772562
1.661134
1.683605
1.719229
2.146304
0.872789
0.922336
0.828073
1.017868
0.953243
0.814308
1.598390
1.982449
0.798639
1.614286
0.890159
0.887755
5.562449
3.217143
2.245805
2.348209
2.597052
1.066032
0.937891
3.633288
3.191338
1.371429
1.611837
1.758980
2.197460
1.253968
1.449796
2.016417
0.773515
1.545125
2.632880
0.786667
5.716281
0.819138
2.412154
0.928889
0.488345
0.682721
0.376417
0.750930
0.880771
1.414286
1.150340
1.563991
1.460544
1.561769
1.879501
4.157687
0.904308
1.418095
2.366032
2.633333
1.680680
0.826122
2.253197
1.046508
2.489161
0.537937
1.018141
0.916190
1.657506
1.939002
1.872971
1.770068
2.778594
3.977324
1.269116
4.498050
4.241995
2.031247
1.821587
2.857551
1.552426
0.920317
1.902404
0.731429
0.737687
2.033424
2.753016
2.177596
0.869478
1.625488
1.089025
2.305850
2.038549
2.271542
1.757778
0.565283
4.907937
2.992336
1.627347
3.031746
1.868277
6.345669
0.623605
2.170658
2.234240
3.300272
2.579184
1.578231
1.096780
1.611338
0.971927
1.156667
1.219184
1.726871
0.949388
1.151383
4.804127
4.243492
4.553832
0.509977
0.565624
0.815374
1.212834
1.824240
0.588571
0.614875
0.620952
1.657732
1.696644
2.074195
1.015147
0.549478
0.769297
1.707891
1.892789
1.549705
0.514739
1.099955
1.267710
1.560408
0.540408
0.298367
0.336599
0.735510
0.864036
0.587075
0.412971
0.939410
0.736327
0.817596
1.610023
0.614966
0.663810
0.709161
0.814921
0.966395
0.707755
0.981406
1.072834
1.055873
1.196145
0.725488
0.742041
0.639093
0.630023
0.507937
0.769161
0.664717
0.611066
0.701905
0.466032
0.648753
0.490159
0.982268
0.464717
0.751655
0.809751
1.047800
1.039138
1.433469
1.133288
1.076689
0.951338
