1.215147
1.020454
1.316825
1.394082
1.777143
1.155465
1.084762
1.332608
1.256735
1.132880
1.537052
1.144127
0.490204
0.628798
0.680816
0.933379
1.166531
1.133016
1.329705
1.324127
2.167710
3.845805
1.175374
0.423764
1.167483
0.861270
1.280499
0.909660
0.720000
0.525896
0.595828
0.539229
0.904354
1.178549
1.425624
1.527029
1.640612
1.363968
0.746848
1.311837
1.198186
1.731474
1.699819
0.053016
2.411973
2.206939
1.135011
1.134603
1.519819
1.285669
1.701633
1.164898
1.529615
3.346304
2.221859
3.652517
3.161950
3.730023
4.698821
4.654286
1.772245
1.106349
1.205170
1.451837
2.798639
1.426712
1.964580
4.848118
1.931519
1.688345
0.859002
1.756757
1.964943
1.996372
2.232245
2.478776
1.567755
2.395646
1.849977
0.747982
1.131020
5.662041
0.830612
1.510884
1.641451
1.508662
1.103039
1.437642
2.638186
1.859229
1.533469
1.289524
1.169478
1.466803
1.762132
2.114014
2.261723
1.847891
0.874739
1.847574
2.915828
2.618821
1.515510
2.089388
2.010567
3.381043
1.004399
1.213016
1.229433
1.301905
1.092925
1.009342
0.610748
0.927075
1.381224
1.960862
2.699546
1.933560
2.372245
1.863220
2.730930
0.650794
1.191837
2.934966
3.025510
1.856871
0.704195
1.218980
0.849478
0.861043
1.240385
1.261088
1.411633
1.228481
3.828912
2.544694
1.157438
1.344807
1.406145
1.342426
1.291066
0.667166
2.038163
3.250476
2.494989
2.716984
3.225102
2.450816
1.958390
1.873764
3.598322
2.022834
2.235986
0.708934
3.086417
0.586984
1.892290
2.022063
1.642608
4.930952
2.369116
2.026440
4.179524
1.304989
1.500204
2.341497
2.595147
2.908776
2.061882
3.031451
2.250023
1.132812
1.659955
1.904898
1.531859
2.339025
3.277007
3.721179
4.790340
1.220612
1.540703
1.449977
3.073651
2.242517
1.339116
2.014785
1.958413
2.960113
8.657551
1.673129
0.950952
1.213946
2.036599
1.463696
2.417143
4.899660
5.295193
1.551973
2.643991
3.402676
2.930295
3.037052
1.106304
1.158345
0.521995
0.752540
0.855918
1.061950
1.233243
1.328163
1.153628
3.115510
0.914059
0.724444
3.491270
0.938005
1.059705
0.795873
1.071678
0.858753
1.035351
0.911338
2.110544
1.998027
0.698639
2.311202
2.161950
1.141565
0.783129
2.420340
1.109342
2.611293
2.645351
2.717370
4.360998
4.562404
1.131995
1.990952
2.910590
2.509796
2.960907
2.948481
2.416644
1.855306
4.215374
1.276757
2.058639
1.748186
3.763152
1.125510
0.974989
1.590068
4.925692
1.202177
2.107007
3.209161
1.321542
2.353787
1.005782
2.074218
3.120748
2.571429
0.497528
0.831134
0.435578
0.643900
1.112200
1.559161
1.122200
1.893855
1.085805
1.858118
1.129229
1.166054
1.041973
2.052540
1.300658
0.986032
1.413243
1.258526
1.867052
2.067052
1.915737
0.694649
1.256667
0.850295
1.082676
1.135170
1.021973
3.163900
1.452063
0.990249
0.852630
2.178254
1.007188
1.284172
2.452880
1.691995
1.894580
1.710023
1.662812
1.151746
0.959093
0.710340
1.055556
0.952290
1.271020
1.127460
1.552630
1.003968
1.121633
1.162676
0.662177
0.639546
3.148844
2.907392
2.508435
2.438027
2.071995
2.850680
0.878934
0.891429
2.619138
1.362245
2.387800
1.415737
2.052063
1.635828
1.021882
4.897438
1.435488
1.979887
0.998413
0.723424
1.038662
2.434626
0.808866
2.711066
2.886054
1.233832
1.445215
0.936054
4.861156
4.652812
4.257823
4.457959
2.138345
2.080590
2.207324
2.234036
2.313764
1.679070
1.262313
0.977007
1.600680
0.749660
2.271451
1.645374
2.752744
1.652177
3.677506
3.921043
1.208549
2.664240
3.756712
4.799909
5.157324
0.986576
3.063923
5.036372
4.509977
3.803220
3.371474
10.043379
3.363379
3.328957
2.626009
1.427800
1.353741
1.324535
3.527982
1.427302
3.573583
2.637619
2.292676
1.468027
1.671633
1.342744
2.753628
2.083628
2.432268
2.004989
0.488980
0.736054
0.872766
0.264263
1.486599
1.761429
1.841474
1.390091
1.858798
1.469592
0.579342
1.110635
1.784943
0.704195
0.947642
0.627755
0.668435
0.559705
0.880454
0.918413
0.805533
0.527211
0.507687
0.732880
0.882041
0.917800
0.749252
1.048866
1.336032
1.327710
2.295964
3.853719
2.417392
2.826984
3.538866
2.534036
0.908980
1.730703
1.525941
1.498141
0.958571
1.767959
0.629637
3.688844
0.680635
2.170068
3.667710
3.967256
1.825669
1.089070
1.046848
0.949637
1.427052
5.079048
5.598050
4.449546
1.532200
1.840680
2.565011
1.712971
1.791542
1.385737
0.868005
0.818662
3.610544
2.657642
2.174535
1.995828
1.872925
2.903175
1.252200
2.350794
2.143129
3.614376
0.516122
0.956304
1.098231
3.566304
2.320476
3.197279
1.798095
1.768277
1.512177
0.940113
0.778798
1.424966
1.016803
1.173515
1.130068
1.098390
2.874195
1.130930
1.198730
1.187732
0.886463
1.803107
1.241837
0.985737
1.316417
1.260408
0.925782
0.760227
0.879478
1.258277
2.508345
2.568367
2.979569
1.310249
1.370590
1.308957
0.901020
1.401542
4.076349
3.276168
8.431723
3.045488
4.242290
1.361995
3.413152
1.290612
0.879637
4.130907
3.777619
3.454830
2.316780
2.953991
1.491247
2.271882
0.613787
0.933356
1.056327
1.839025
1.091270
2.339274
1.606961
2.806032
2.525805
1.009524
0.936871
2.118662
1.345805
3.444785
2.708957
2.334785
3.892789
0.732109
1.236961
1.054354
1.300227
1.044218
1.264671
1.103084
0.936531
0.450136
0.790726
0.895714
0.648435
1.315351
0.896395
0.615488
1.071383
0.798209
0.687347
1.958685
3.729161
1.092540
1.928571
1.669025
1.831995
1.371179
1.817370
2.962336
1.121565
0.916281
0.866757
1.354898
2.110045
1.110499
1.216531
1.104490
2.234308
2.574943
3.385351
2.987574
4.513061
0.621837
0.794354
1.278095
0.925986
4.200839
1.646440
2.195533
0.707732
0.780000
1.073855
1.326531
1.632154
1.775805
1.976508
3.841565
1.658503
1.460363
1.058912
0.998821
0.648435
0.286531
0.588707
0.973787
0.635918
0.696644
1.405714
1.363084
1.442766
0.992426
1.744308
1.342540
1.821678
1.870385
4.020454
5.668571
4.020454
5.668571
1.252562
1.110794
0.470930
0.753651
0.535329
1.839138
1.788980
2.306395
1.158549
2.030476
0.843175
1.697868
1.304444
1.665170
1.546576
1.010476
2.710249
1.615510
0.960181
2.657868
1.560771
1.123673
1.835193
1.268254
1.217642
1.420408
1.655918
1.565533
1.600680
1.756327
2.427256
2.238345
3.270680
1.856916
3.798549
2.276236
3.008390
2.103447
1.880612
2.359887
1.986961
1.487846
2.109365
2.420317
2.252902
2.652676
3.329048
3.837732
1.860408
0.909070
1.411519
1.819592
0.715283
0.780227
1.164717
2.364580
1.792834
0.780499
1.563492
1.887483
2.237415
3.152200
1.437868
1.674649
1.913968
1.393016
1.120544
1.487528
1.143311
1.212245
2.112698
4.581723
2.272109
2.389660
2.724898
3.163311
3.841111
4.719320
2.071519
2.767800
1.966213
1.396553
2.496735
1.498458
2.471474
3.352290
2.789478
2.377551
1.714150
1.900816
2.114649
2.261633
1.605351
2.345624
2.524444
4.857143
4.942222
3.286440
5.710340
2.740454
1.539138
5.274739
1.236644
0.862812
0.906077
1.944082
2.009705
3.791383
1.393152
1.159955
1.733832
2.737959
3.294331
1.267211
1.920000
2.236054
1.776054
3.037732
2.474104
3.462086
2.482086
2.015510
2.067392
4.060499
1.806893
1.858957
2.082676
2.494512
1.480045
1.327075
0.508481
0.490476
0.526122
0.606893
0.490567
0.861950
0.428526
0.748073
1.273288
1.594422
0.917415
1.064762
1.130930
2.159592
0.641905
1.197370
1.119093
1.391837
0.995510
0.870431
0.711701
1.122540
1.084082
1.114512
1.142585
0.798413
1.374422
3.563946
1.813288
2.707800
1.561270
1.976508
1.983764
2.151519
0.591066
0.735782
2.670839
1.432018
1.155782
2.262766
1.024580
1.664762
1.107438
1.412834
2.824218
1.449297
0.539909
1.108571
1.783946
2.170975
1.646395
1.395147
2.199093
0.979909
1.089705
1.423401
1.360136
1.306576
2.900363
1.448435
1.266168
1.387846
2.552744
0.909070
3.465057
2.082721
1.515465
1.574966
2.438141
2.578594
3.147619
1.218594
0.858594
1.987120
0.857778
0.822041
1.806395
3.555782
1.129342
1.133288
1.093016
1.541678
2.327211
1.363265
2.237687
2.019501
2.366032
5.237483
2.585624
2.038866
1.717324
1.004444
0.778776
0.856327
1.682630
2.357143
1.148889
0.969841
0.876145
1.004490
0.941179
1.082132
0.928186
1.129932
0.938095
0.978390
1.025102
1.366395
1.243311
1.011723
2.940680
3.037460
2.560816
2.610748
2.361406
1.894739
1.517642
1.901995
2.610385
2.701587
2.920952
3.452290
1.481927
2.108163
2.349478
1.207211
1.327664
0.897188
1.034558
1.801088
1.540907
0.801950
1.385714
0.598095
0.299365
0.364172
0.820181
0.444263
0.334649
0.450658
0.483855
0.563447
0.566122
0.752336
0.781542
1.139456
1.162993
1.700408
1.584898
0.814104
1.717234
1.568027
1.316735
1.759683
3.194785
2.711565
1.818730
1.505669
1.548163
1.394785
1.658231
1.652109
1.810068
1.842313
2.406259
1.907120
1.729025
1.576961
1.362902
0.809433
1.235601
1.834785
0.987619
1.826531
0.815283
0.731701
0.465397
0.976054
0.940363
0.629705
0.729751
1.380454
0.886395
0.931066
1.279252
1.301043
1.016417
0.794376
0.875057
0.636599
1.078095
2.420000
1.078095
1.138050
1.226395
2.898685
3.349637
4.456236
5.705261
3.007506
2.067596
1.727914
3.557846
1.501156
1.284807
3.870635
4.047347
5.657551
2.977551
3.976304
3.114717
0.622676
1.454785
1.127755
0.910159
1.380499
1.437506
1.386712
0.984762
1.168526
0.785986
0.656100
3.442766
1.058186
1.477868
1.417052
0.914422
4.020454
5.668571
2.397460
2.008345
1.922268
3.744036
0.608027
0.600136
1.060816
7.576100
1.298594
1.134739
1.977007
3.620907
3.573787
2.645805
2.359410
2.016825
2.827574
0.518503
0.518685
0.426712
0.399955
0.620680
0.440907
1.003991
0.833197
1.084354
1.875329
0.598639
0.451746
0.468526
0.402902
1.353605
0.933923
1.154240
1.175601
1.194785
0.555669
1.248345
0.682948
1.048549
0.694014
0.844512
0.764422
0.868458
0.853560
0.833787
0.769388
0.782993
0.871837
0.872744
0.898458
0.857823
0.898186
0.865941
1.109252
0.820454
0.972834
0.993560
0.783900
0.863583
0.732336
1.046939
0.924036
0.850385
1.040680
1.246485
1.687029
0.716417
1.241587
0.982676
1.056644
0.524762
0.548707
0.564717
0.628118
0.539093
0.792948
0.811111
0.731973
0.770023
0.747234
0.920680
0.874717
0.677279
0.671905
1.329909
0.870068
0.778299
0.821179
0.839615
0.729320
0.983039
0.999909
0.773900
1.065805
0.962177
0.974422
1.005170
1.067732
1.022200
1.303923
1.329342
0.382358
0.705397
0.333810
0.723265
0.700272
0.651542
0.639252
0.857370
0.688231
1.013923
0.960068
0.877460
0.683628
0.993605
1.299342
1.512834
0.836213
0.728481
1.140816
0.825918
1.346893
1.383107
1.413447
0.656644
2.000113
2.087642
1.720045
0.959819
0.863855
1.565238
0.984580
1.521995
0.950431
1.729297
2.199864
1.215102
1.115692
1.358503
1.345624
0.860862
0.827574
1.585329
0.679002
0.677506
0.843628
0.541088
0.894762
1.319002
1.293039
0.648571
1.043447
0.716372
0.937392
0.936032
1.103741
0.535556
0.649161
0.673515
0.642404
1.322494
2.660136
0.613696
0.942404
0.483946
0.918413
0.678912
0.877279
1.046576
0.587392
1.156689
1.122880
1.427687
0.759592
0.666848
0.619501
1.075238
1.015283
1.172381
1.149161
1.180590
0.659819
0.666213
0.577098
0.853741
0.882585
1.244535
0.924535
0.802222
1.034966
0.658866
0.990839
0.948617
0.968571
0.365351
0.865669
0.882540
0.552018
0.370159
0.876327
0.764399
0.722540
0.528481
0.419728
1.134671
0.892540
1.220204
1.058934
0.739478
1.030317
0.757234
1.657732
1.185986
1.625034
1.140136
1.115057
1.477551
0.971927
2.041633
2.549887
1.324354
1.353651
0.840408
3.016553
3.119433
0.745669
0.577551
0.863311
1.621179
0.700590
1.462676
1.991111
2.392494
3.675510
3.092449
3.314014
2.048798
5.654331
0.635374
0.972154
1.283583
0.885079
1.217914
1.428571
0.947166
1.904807
3.524853
1.580862
0.690839
0.593288
1.231701
1.367347
1.257234
2.184580
1.582585
1.327755
0.941905
2.167619
0.940680
0.744354
0.546440
0.446984
0.478594
1.034422
0.794376
0.528571
0.501020
0.440907
1.014626
1.282358
1.007528
1.606213
0.967256
1.171338
1.917007
1.508844
1.567937
0.597596
3.923946
1.574512
1.394785
1.911020
2.429070
2.141905
1.562086
1.290023
2.368299
0.997778
1.148435
0.503673
0.535510
0.756463
0.651701
0.811769
0.720680
0.590431
0.532381
0.840635
0.790249
0.618685
0.810839
0.849569
0.969569
4.833379
5.575692
5.949660
4.597234
5.664535
3.596871
3.057914
3.385397
3.814649
3.771882
2.640952
3.600907
3.495011
4.182268
4.357959
2.711338
6.533197
2.961088
4.365986
0.633469
0.899184
0.660816
0.883129
0.572744
1.225147
1.501134
0.810884
1.016553
1.391882
0.688435
1.770658
0.935737
1.458231
0.839955
0.896871
0.901451
0.780907
1.409070
0.774694
1.126848
1.043220
0.969116
1.022766
1.595238
1.175828
1.371474
1.691020
1.040499
1.767574
1.412562
2.013107
1.415420
1.168209
1.393288
1.585261
2.152562
1.384082
1.663175
2.929887
1.997551
1.948073
1.441587
1.112426
1.141315
1.158730
1.334467
1.148345
1.920998
0.534694
0.539252
0.819819
0.442358
1.128844
0.965714
0.938594
0.820703
0.602358
1.063696
1.117551
1.594739
1.617143
1.020499
0.971519
1.470023
1.328889
1.433605
1.113696
0.939546
2.177460
1.686485
1.609388
1.994966
1.646077
1.240000
1.563447
1.326032
1.719002
1.719751
1.641995
1.065351
0.837234
1.375964
1.778050
1.717347
1.508980
3.194694
1.834467
2.930612
1.550499
2.296190
1.007211
1.110249
0.737460
0.709388
0.888118
1.646893
1.308753
1.365351
1.308934
1.691383
2.516327
1.785125
0.949025
0.599683
0.740816
0.807528
0.685941
0.823356
1.047755
0.677868
0.858277
0.754376
1.159365
1.282200
1.328322
1.230635
0.870612
1.024853
0.733787
0.802494
0.697052
0.694694
0.634558
0.992063
1.012925
1.577551
1.156508
0.913379
1.037188
1.119320
0.833469
0.913424
1.498095
2.429615
0.914376
0.994331
1.122449
4.100113
0.859229
0.922812
0.851723
0.781361
0.918458
1.102086
0.542041
0.860181
1.069524
1.353878
2.344490
1.350476
2.168662
2.729977
2.338685
2.089569
1.393696
1.483673
1.432336
1.220227
2.523946
1.103039
2.967891
1.577959
3.230658
2.721134
3.720499
1.724218
4.053107
2.744853
1.137143
1.052925
1.091293
1.177324
1.673469
1.329887
0.936735
1.047800
2.142721
2.456054
0.825488
2.347211
0.906939
0.909569
2.014966
1.305351
3.489116
1.970794
1.807438
3.088934
2.018821
2.147029
2.959274
1.565896
1.013243
1.107483
1.508118
1.035147
0.974739
1.222993
1.051973
0.865125
1.184444
0.651927
1.414376
1.302857
1.262268
1.034422
1.119093
1.646667
0.707211
1.180363
1.165215
3.601814
3.055011
5.024580
1.922268
2.182404
1.841497
1.686531
0.883447
3.413673
1.179683
1.336054
1.294830
1.661995
1.947075
2.068662
2.935329
0.599410
2.492676
1.249116
1.851610
0.813832
1.194830
1.905714
1.535079
1.580635
1.124104
1.042200
3.281315
4.367619
1.719501
1.497460
1.083039
1.385714
0.832562
1.963810
1.659683
2.064172
2.300272
1.282676
0.816145
1.629161
2.214558
6.430658
2.611519
1.826939
1.370794
1.840454
2.571406
1.259229
0.538050
0.996327
0.577914
0.789478
0.543492
0.624671
0.637188
1.432925
0.695918
0.924762
0.978503
1.228345
0.953288
0.770113
1.458186
1.082993
1.447937
0.803220
0.708889
0.570385
1.317687
1.806893
1.514649
0.480317
0.578458
0.436599
1.586984
0.725261
1.071111
0.535918
0.840590
3.152857
1.170522
1.428163
0.498821
0.488209
0.878821
0.661678
0.757506
0.999683
0.717823
0.683401
0.548844
1.413061
1.582630
0.882132
0.753651
0.658322
0.827166
0.854150
0.754150
0.850113
1.294240
0.870204
0.996236
0.907574
1.236599
1.551701
0.594150
0.583810
0.490839
0.686168
1.843220
1.541814
1.772154
3.535964
2.444263
0.558639
0.812381
0.508662
0.990295
0.999592
0.839546
1.069751
2.017098
1.092698
0.606349
1.095556
1.094512
0.797506
1.608934
0.669025
1.378594
3.423628
1.315102
1.271293
1.317188
1.029751
3.089478
2.594286
2.593923
7.213741
2.700680
1.242290
1.445624
2.418776
3.700113
0.634558
1.689206
0.761134
0.588118
0.599592
2.214898
0.960249
2.577596
2.071202
2.312834
2.165034
4.447800
2.933741
2.178639
3.083741
6.129796
3.438912
2.700816
3.491973
2.169569
2.967868
2.850068
2.118889
2.062449
1.648209
7.319184
2.530748
3.333061
2.344649
4.015261
3.082812
1.582902
1.701429
6.138866
5.868118
1.824467
1.622268
0.563220
0.769184
0.883515
1.224036
2.842993
1.043061
1.320658
2.761542
3.568934
4.799819
3.375692
8.009229
1.718141
8.141474
1.969932
2.106259
4.508776
1.793605
6.516599
3.844399
1.728027
4.030476
3.718821
5.008481
3.589796
5.345170
2.505215
2.660998
4.725488
6.154331
1.818231
3.072540
0.923855
1.086440
0.958322
1.589864
2.236757
1.911610
2.197778
2.816372
1.376236
3.631338
3.405057
2.519274
4.103401
3.319410
7.256576
3.572041
8.220907
1.631111
2.016485
2.400544
3.811927
1.303220
1.955351
2.391134
1.395147
1.121224
0.577324
1.282494
3.003243
1.898367
1.675510
1.563832
2.214059
2.752063
2.368957
1.637052
2.476145
1.768957
1.608934
3.231361
1.505805
1.483175
3.693946
1.993605
0.834286
1.746304
5.962132
8.657052
0.832789
2.350884
3.013832
1.526145
4.974014
0.701043
1.415601
2.178912
0.871020
0.964853
1.893243
1.749342
6.009161
2.984989
1.983764
4.391791
2.464717
3.646168
4.084082
0.906531
0.875896
3.126122
0.958322
1.045714
1.135601
1.059819
2.625737
1.088798
1.036644
0.949683
1.823265
4.645215
2.719274
1.781134
2.198526
1.617687
0.668027
1.420227
1.433923
0.420091
1.845578
2.262313
4.844263
2.252562
1.686803
1.930476
3.525397
1.692018
2.094875
3.073288
1.620862
2.333424
4.855306
1.118458
3.046984
1.639909
5.233061
5.044807
1.062721
5.804626
1.388209
0.747574
1.066349
1.363537
2.316553
2.401497
3.391156
2.246168
2.441542
1.699229
0.980272
1.091610
0.868435
1.619728
1.302993
1.230249
1.344580
0.859955
0.690794
0.915374
1.091383
1.094195
1.486712
1.000091
1.211020
1.565941
1.408753
0.897370
0.601542
0.984626
2.532517
1.991565
2.908753
1.508186
1.106757
3.906893
3.128549
0.579365
1.309683
2.288980
5.244671
2.185034
1.716327
0.887937
1.705488
1.055737
0.757868
0.961043
1.619728
2.631769
3.229070
1.926259
0.811769
1.128617
4.194467
0.877891
1.287324
1.277506
2.372472
1.529660
1.927302
1.888073
3.364649
3.576190
6.565896
1.033651
1.431882
9.189206
10.541383
2.735646
1.411927
1.774580
3.306803
5.261134
3.131338
2.599751
1.068209
1.001451
1.902812
2.893878
2.516190
1.812245
1.516281
1.145420
2.724444
1.881950
4.336712
1.133537
3.443900
3.212925
4.899887
5.263152
1.737732
7.476599
1.259728
0.507506
4.186803
4.058753
2.280839
5.341474
2.375896
2.224921
6.177120
5.789274
9.119184
4.432132
3.023628
2.838458
2.618912
4.660000
1.986531
1.312698
2.476417
3.465488
2.177324
2.876621
1.379161
0.458821
0.768299
2.922812
0.888617
1.780317
4.111610
6.532834
3.783424
8.085147
6.746440
7.510590
1.809093
1.766259
0.927347
0.760227
3.061587
6.946667
4.641293
1.918798
1.626168
1.866984
1.971927
2.420363
1.373152
0.945397
1.068435
1.401701
0.872744
1.521179
1.304172
1.138254
1.825896
1.971111
0.791293
0.737528
0.857732
0.877052
1.056531
0.854331
1.139955
1.741338
1.972925
2.152132
1.994059
7.184671
1.568730
1.897528
1.401905
5.022902
2.012540
3.049478
6.638050
2.358776
1.495238
0.902132
0.867914
0.729841
0.600204
1.764512
1.290227
1.259184
1.389116
1.370839
0.945533
1.001497
0.839796
1.081202
1.316553
1.481043
1.000998
1.972653
1.466712
0.411723
0.868798
1.037347
1.007528
2.768209
0.935057
1.942358
2.104966
0.822993
2.036259
2.717982
3.099093
3.722857
2.008753
2.393741
1.867732
2.169773
0.870590
1.901678
1.519048
2.782426
1.563855
1.836984
4.802086
3.486939
3.278141
2.580839
2.305578
1.875420
1.530340
5.363175
5.958095
3.326032
1.777415
3.202789
4.649887
1.224218
1.204444
2.285442
0.999320
0.819955
1.122041
1.117506
1.374649
1.111837
0.924830
1.437370
0.794150
1.156417
0.858095
1.095646
2.024036
4.109660
5.099864
2.027166
4.768481
1.747392
2.024989
2.519456
4.878776
1.127211
3.170839
0.882585
0.785669
2.003356
1.433696
1.209161
3.820522
1.614558
1.752290
1.519274
1.845760
2.253379
4.300680
0.833560
1.274875
1.733016
0.963401
1.152290
0.830385
0.941134
1.405170
0.903719
1.213424
1.747166
1.311247
2.140181
1.098730
2.380816
6.295737
7.373469
1.978322
3.349660
5.654014
2.930159
3.763311
1.986259
1.702676
2.259637
1.687166
2.913560
1.246531
0.888934
0.902812
3.966032
1.720091
4.031701
2.635533
2.314422
2.421633
1.160862
1.022358
1.049048
0.901519
2.299728
2.590930
1.711383
3.998549
1.677642
1.240907
1.230748
2.903900
0.700317
1.062812
2.305760
1.552472
1.010975
2.350295
1.569660
3.335737
2.529841
1.732472
1.164580
1.132381
0.575283
1.546803
2.997234
1.392336
2.716961
0.922585
1.611882
3.699456
2.234603
1.894376
4.794150
3.837098
0.922630
1.328435
1.763583
1.364626
1.201497
1.350068
0.919410
1.540816
2.902585
2.103900
2.996145
4.391338
3.006984
3.158367
2.232426
2.041247
1.171973
1.662063
1.326803
4.954785
1.529365
1.960771
2.214694
1.690522
1.741655
0.913469
1.014512
2.456054
1.067483
0.686032
1.335283
0.854875
1.007846
1.326621
4.091859
2.039161
1.779365
1.719773
1.748571
1.339909
0.863537
0.999728
2.060000
1.620590
1.679501
1.186190
1.291474
0.910249
1.063991
1.275057
1.242902
0.874376
1.404036
0.961315
1.154966
2.598005
1.236644
0.688526
1.407166
1.342834
1.918662
3.465283
2.886939
0.840045
1.162585
1.944467
2.983175
1.681497
1.224830
1.364195
1.730023
2.065828
1.423492
2.114649
1.107483
2.410000
1.496848
0.989478
1.128299
2.106508
1.069478
1.993152
1.992063
1.627302
0.802540
1.450590
4.690023
3.080567
2.000998
1.003265
2.352290
1.446780
0.959048
1.406599
1.232245
4.722358
1.986485
4.048481
3.027211
1.809841
0.951383
1.015488
2.287846
1.463832
1.183605
2.262562
0.839252
1.399410
1.543016
3.271020
2.278141
4.000726
4.379569
3.399274
5.420839
2.163175
4.192925
1.144966
1.815465
2.880227
1.076009
3.538730
2.988345
0.865896
1.049478
1.747438
1.760952
1.133220
1.104104
1.030113
2.094694
1.105896
1.771701
2.314104
1.441542
2.401043
2.820023
2.224036
3.391587
1.119819
0.867982
0.828141
2.038957
1.005374
1.785079
1.988934
1.527619
0.912472
0.462971
1.617370
1.024853
0.793152
2.066667
1.115964
0.806168
1.592154
0.643084
1.415011
1.785397
5.363673
0.920794
1.363855
1.059456
1.691134
1.843810
2.000272
1.572086
1.406984
2.460680
1.374467
2.189501
1.145034
3.064059
1.517891
7.026190
0.960658
1.036735
1.931746
1.107052
1.491088
1.062449
1.071542
1.889184
1.425714
0.870658
1.760385
5.103696
1.678390
2.163537
1.972630
2.180408
0.863900
1.181814
0.696689
0.989433
0.743810
0.705533
0.467075
0.457324
1.873311
1.693333
2.282222
3.905351
2.408209
2.214717
1.927052
0.855283
1.498231
3.264422
1.998186
1.065828
1.228141
2.103356
0.888322
0.968073
3.121406
0.579705
2.694376
2.375238
3.925533
1.669819
0.818503
1.574921
3.654762
0.454830
4.833696
1.990567
2.028118
2.282472
2.026395
9.440794
2.397642
1.400816
0.650612
1.650839
2.598844
1.512766
0.843175
1.970045
1.002132
1.220612
1.129909
0.952925
2.996190
1.929546
2.953855
3.145170
2.428299
1.255941
0.721701
1.942880
5.685397
2.874240
2.878685
4.138050
6.675261
1.287256
1.292789
1.299819
1.190249
1.015918
1.177506
1.995918
1.074150
0.981134
1.218685
1.902268
2.264014
1.982562
0.900385
3.328231
3.582608
3.168662
4.307778
4.724739
2.384127
3.342971
5.647302
5.273424
4.537732
3.065896
1.079683
0.849388
2.364444
2.972200
3.414127
5.130113
2.694966
1.207120
0.875465
0.753560
2.467120
2.848889
0.439773
0.555102
1.194558
1.932109
1.805420
11.120000
11.653197
4.309524
2.688390
5.050522
6.283175
3.324671
7.460930
3.071678
3.926939
3.926939
3.926939
2.573152
0.648118
7.727959
1.889297
4.068481
0.651111
8.346984
1.026893
2.732290
4.636689
3.453651
4.308481
0.857823
1.882744
2.093311
1.033560
0.861995
1.591927
4.411678
3.361270
1.422676
1.706712
2.015125
1.140771
1.791610
1.519365
1.334127
1.399773
1.728707
1.505011
2.165510
1.655805
3.699093
2.441701
3.153515
7.614104
2.413311
0.997324
0.684036
1.274467
0.670930
0.753515
0.775964
0.415828
0.455420
0.854558
0.465306
0.672109
0.507664
0.490295
1.636372
1.527347
0.597778
0.592834
1.029252
0.737279
0.928254
1.216961
0.720000
0.649388
1.165760
1.275238
1.184354
1.033741
