1.108844
1.441020
0.683923
1.636440
1.354762
1.865896
0.446349
0.671814
0.856259
0.872041
1.253741
0.581088
0.847528
1.354376
1.172948
1.647823
2.323628
2.418277
1.908413
2.210862
1.369841
3.068481
1.404898
2.946372
1.714603
2.479592
1.423810
2.098027
1.663696
2.038345
1.660272
1.541859
1.718277
1.900884
1.717007
3.424649
0.659637
0.568889
0.745533
1.380771
0.878413
1.073333
0.772608
0.877687
1.476871
1.105057
0.866780
1.222404
1.353855
0.705828
1.280023
1.348526
1.067347
1.002041
1.577551
1.634082
2.428367
2.215306
2.674739
3.519138
2.439365
2.633628
3.091429
2.582313
1.454150
2.531565
1.617324
5.580045
3.224989
2.331429
0.708571
0.755102
1.108322
0.801814
0.683878
0.923923
0.650023
0.682449
0.804898
2.044104
3.503878
1.287347
1.805261
1.855102
2.082993
2.013492
2.336190
3.807256
2.962041
4.064966
4.110159
12.454649
1.832766
2.702381
3.018367
3.067528
2.742245
0.983288
1.210680
0.889524
0.945465
1.424762
1.373447
1.050385
2.801134
2.431655
1.784422
2.064853
2.295873
1.125624
1.708889
2.363197
2.507755
2.068073
2.493061
1.282540
3.347959
2.363991
2.441270
2.443991
1.595215
2.822857
2.059637
1.431769
1.259773
2.373605
2.708299
2.159796
3.920408
3.863311
2.081950
3.959728
7.245873
1.758594
1.551927
1.691361
3.374853
1.360159
1.707483
1.198367
2.528435
3.550476
3.355011
5.135170
2.800272
3.769048
3.347143
2.317211
2.554422
3.021542
2.059637
2.681973
4.126984
2.743197
3.423220
1.667800
7.281429
7.508163
4.319184
5.020408
2.262041
1.728912
2.777846
3.758503
1.373333
3.565465
2.997166
2.072744
3.322449
3.695420
2.393061
2.421224
1.659388
1.140136
3.344626
1.774603
3.619864
3.365714
1.383855
2.100454
3.416825
4.326735
2.986531
3.315805
2.240544
2.730794
3.148503
3.194717
4.847211
4.797143
5.145034
2.708866
1.908163
2.004286
4.613265
3.193878
2.241995
12.410544
2.132063
9.844490
14.378005
10.046259
4.441610
6.060952
5.136508
2.460884
1.331519
8.325079
2.158231
1.014603
1.596168
1.792222
3.176735
2.209524
1.512562
1.150884
2.025034
2.950907
1.805193
2.468571
1.652585
2.396916
2.165578
2.411746
3.537959
3.158390
1.897664
3.266508
2.937937
1.660952
1.947937
1.954649
2.073628
2.146032
1.707528
2.630045
2.516463
3.856780
0.998095
1.614694
1.411791
5.971882
0.606349
2.444354
3.618594
6.285714
5.321769
5.273878
8.032925
1.798299
4.829456
9.975057
1.787188
4.543673
1.113288
2.014649
1.951746
2.185488
3.280952
3.513265
2.695873
5.754059
3.216916
1.797120
1.548005
1.007324
1.573878
2.849887
1.512245
2.699841
5.503878
2.898866
4.022472
1.881905
3.314512
2.341202
2.228776
2.443764
3.360544
1.814240
2.489252
1.362200
2.063107
2.278209
2.489501
2.314104
2.523560
4.048481
3.416168
0.731587
0.952018
0.769002
0.704626
0.888889
0.798481
1.012971
1.233560
0.928798
0.957823
0.847528
0.499229
2.231315
2.023265
1.069184
1.208639
1.045918
0.999456
1.052268
1.052268
1.056984
3.015488
1.249501
1.196281
1.433537
0.721134
1.152063
0.626848
0.954921
0.448027
0.916531
0.375714
2.268776
0.659705
0.653197
1.003243
0.876122
0.720748
1.471814
1.520431
1.632336
3.776508
0.927778
2.592789
7.053061
1.129478
1.802585
1.093129
4.946667
3.773764
1.962993
2.047755
1.087846
0.928186
0.910522
3.200839
2.656349
2.191973
1.855964
1.298503
1.084626
1.104218
1.298503
0.767188
1.406122
0.844127
0.855714
0.848299
1.167710
8.025964
6.947098
8.112245
8.543787
6.127347
9.522971
6.502948
6.631111
4.613537
8.074444
4.485057
3.500862
1.836168
2.010363
1.000658
2.832063
1.755601
3.393401
3.302517
1.010023
1.010023
0.691814
1.213107
0.860000
1.215601
0.638549
1.544649
0.730952
2.241043
2.100839
2.161474
4.606531
1.478458
2.457166
3.146395
1.782358
1.594104
1.600680
2.641134
3.549070
1.212698
1.076122
1.073855
2.140159
2.374240
3.218707
3.573741
2.721043
2.474671
4.096100
4.896259
4.897120
5.727687
5.727687
6.890295
1.216848
5.150771
8.957483
2.016100
0.911655
8.106803
10.751973
1.328073
1.793537
1.535782
1.002698
0.727619
1.098639
1.600272
0.906417
1.994444
2.069433
1.599546
1.685170
3.285329
1.450567
2.417483
1.684671
1.855850
1.216054
1.662993
1.407937
1.642948
1.365102
2.203991
2.814830
2.389592
1.862245
1.907143
3.186417
2.890952
3.186417
2.668957
2.940658
3.314898
1.856259
2.438005
2.459297
3.124263
2.507143
1.649932
1.903946
3.219206
1.649932
3.574286
4.450363
3.314490
3.605465
1.823673
4.140839
5.031156
2.895442
2.652630
4.074512
3.423855
2.687846
2.029138
2.622585
2.602721
1.938367
1.813424
3.072313
2.731905
3.135964
1.373333
2.215850
1.050000
1.474921
1.303719
0.677914
0.982789
1.279138
1.572200
0.923515
0.885465
2.013061
2.695692
2.797800
1.963628
2.396531
2.533311
1.756463
4.026100
4.676417
2.787868
2.385238
3.791361
1.289116
1.549048
1.706644
1.620748
1.980612
1.899070
2.602177
2.176100
1.470068
2.420317
1.267007
2.217256
1.900522
1.583764
2.217256
1.267007
1.337029
2.059660
2.243696
1.900522
2.567347
2.534014
1.900522
1.558481
1.157460
1.558481
2.164376
2.113946
1.900522
1.900522
2.217256
2.103583
2.072358
2.590998
1.168095
2.850771
1.583764
2.217256
2.982154
1.998254
1.883401
1.394376
0.923515
1.978866
0.677914
1.572200
0.737188
1.042063
0.999819
0.882018
2.230930
1.246281
1.953152
1.717528
1.582834
1.380204
2.535442
1.661088
1.760454
1.837687
1.493424
1.621134
1.599841
1.532721
1.548186
1.727551
4.967642
1.730454
1.517574
3.644422
1.800771
0.544014
1.082041
0.729955
0.509977
1.777256
0.447937
0.680680
0.806054
1.383946
0.534875
0.611202
2.627551
2.046304
0.806961
2.713515
0.732018
1.115828
0.559841
0.712041
1.454490
0.807778
0.728730
1.123311
0.665873
0.691066
0.696349
1.103991
0.833651
0.676825
0.690884
0.884444
0.710204
0.969433
0.676825
0.948934
0.658866
0.508957
0.956576
1.842766
1.228503
1.228503
0.978549
1.135918
1.337710
2.819365
1.940635
2.262585
1.621361
1.306576
1.578005
0.967574
1.264376
0.561882
1.640249
1.448957
2.356939
1.691837
1.106893
3.345193
2.239841
2.259569
2.282200
4.351927
3.135692
0.842834
0.970522
1.247846
1.034762
0.980522
0.750703
0.855442
1.736848
1.246961
1.336054
1.157891
1.469637
0.938571
1.108844
4.543583
1.109342
0.794785
1.448481
1.258594
1.877302
1.642766
2.773333
0.766372
0.682630
1.568231
1.806961
0.989751
0.797959
1.020680
1.318980
0.864240
1.318980
0.871202
2.275170
2.378390
2.865646
3.884626
1.144580
2.598231
1.923991
2.402857
1.465011
1.717528
1.381315
1.680680
2.614376
3.448277
3.051134
3.360136
2.771066
2.306599
4.096372
3.698390
4.056508
4.834626
0.974195
0.874762
0.572086
0.527324
0.675986
0.754376
1.090272
1.419660
1.006304
1.014059
0.803741
1.441882
0.851610
0.759025
1.089274
0.980726
1.385397
2.003515
2.863424
0.752313
1.458390
1.920204
1.363447
1.287710
0.926689
0.969433
1.609252
1.008889
1.405760
2.113107
1.229388
1.717528
1.262381
1.835351
0.834036
1.290522
0.711723
0.807324
1.177007
0.646984
0.743628
1.274694
0.874444
2.409320
2.538639
1.941429
3.304172
1.630998
1.493311
1.813515
10.483810
24.199025
0.942585
1.542381
2.245805
1.112540
1.241950
1.650000
1.144331
1.325941
1.299433
2.088798
0.781043
0.949478
0.989841
1.135918
2.122585
1.568821
2.750113
2.594717
1.603991
1.851610
1.175397
1.023741
2.462063
2.387075
0.872766
2.409388
2.083107
1.395760
0.924580
2.127664
1.022971
0.864104
1.660272
1.332290
0.941497
0.888209
0.638254
0.691995
1.314535
0.661678
1.020045
0.463492
1.290703
1.714218
1.334626
6.215533
1.407959
1.635782
1.624082
2.094785
1.562449
2.239977
1.766281
1.568095
1.759977
2.496100
1.471973
2.671519
2.560091
3.184127
2.222562
1.738277
2.176077
3.008299
1.871973
1.853855
2.559841
0.580204
3.718730
1.928027
3.220998
4.594331
2.945079
4.057551
3.396667
5.575261
2.741723
3.179637
3.420658
2.257415
2.593401
1.187211
0.768163
1.012948
1.820454
1.020249
0.859161
1.123832
0.860385
1.162177
1.452721
1.452721
1.900023
1.366417
1.537619
0.827596
1.629546
1.096893
1.452721
1.452721
1.802018
1.046689
2.322585
1.549796
1.541837
0.367007
0.750726
1.219796
0.869320
6.894671
5.891497
5.091293
7.336054
7.945782
6.460045
6.519501
4.527755
5.785147
5.785170
5.377234
5.194830
4.250317
5.666621
3.413379
4.473696
4.658526
5.555510
4.921043
2.730590
1.216009
0.976054
0.943968
0.992562
1.167302
1.136032
1.231973
1.055964
0.912086
1.439909
1.343968
0.959977
1.279977
1.567574
1.568617
0.944490
0.847959
1.312540
1.711179
2.479773
1.472676
1.166939
1.983333
2.198186
1.385624
1.447687
1.770522
1.658073
2.069909
2.432268
2.197415
1.216145
2.241542
2.099501
1.898503
1.578639
1.168639
1.519977
2.079977
1.423855
2.049728
1.939229
0.768980
0.905533
1.535442
1.614195
0.894376
1.452449
1.132993
0.445147
1.084467
0.859796
0.556463
0.630975
1.627098
1.412041
1.613220
1.061633
1.523220
1.338594
0.784694
2.457732
3.393560
3.032993
2.279977
1.026780
1.408027
1.005215
1.391769
1.647483
1.488163
1.026780
1.695941
1.087959
1.599977
1.214717
1.047143
1.004014
1.327914
1.295669
0.857710
1.646667
1.680272
1.176190
0.666417
1.222109
1.525306
1.383288
2.421406
2.439342
2.018503
1.732721
2.347755
1.759297
1.301111
1.449932
1.909342
1.162063
1.429002
0.640816
1.173175
1.610023
1.504036
1.354195
1.801179
3.951474
2.595918
1.489909
3.735351
2.158481
1.877891
1.268617
1.646168
1.816531
0.967370
3.148209
1.465374
2.112154
0.855397
1.409683
2.568073
2.308005
1.457256
2.112154
2.659932
1.511701
1.299025
3.393401
2.363923
1.594490
1.595714
1.816531
1.341247
1.547778
1.091859
2.146168
1.716939
1.045782
1.604104
2.551315
2.782834
2.762268
3.713651
1.161224
1.005646
3.222608
2.574444
4.917302
1.142834
2.047347
1.258730
1.741406
2.654376
1.207211
1.750476
0.724354
0.915079
1.257438
1.411497
1.807823
1.173107
1.797098
4.044308
1.701587
1.211338
2.574444
2.180000
1.931565
1.983492
3.032381
2.666508
1.415215
2.199274
2.048571
1.708209
1.045351
1.280000
1.706576
0.984535
1.686327
1.791905
1.920113
1.877732
1.545873
1.362562
1.297188
0.785873
0.766644
0.952290
0.961746
1.869048
1.754580
0.719819
1.103583
0.968639
1.007029
2.481519
0.604444
0.806961
0.768209
0.549751
0.784739
0.928549
0.726168
1.156531
0.982540
0.703787
0.711655
0.845737
0.831156
0.726168
0.961746
0.845737
0.942993
1.140068
0.935488
1.179796
2.902426
2.721610
2.386667
2.629274
2.969592
2.687324
3.357868
3.773107
1.279977
3.033832
1.983968
1.675170
0.906463
2.730385
2.667098
3.583968
1.681655
1.039705
1.599841
2.385828
1.391701
2.560091
2.943764
1.839864
2.623968
1.613605
2.224399
2.223333
3.241429
4.447846
3.359955
6.976236
0.719728
1.439660
1.680045
1.811293
2.832086
2.543855
1.233016
1.663968
1.173197
0.991905
5.903039
3.727959
2.464921
2.639977
2.688209
2.879909
2.527619
1.600091
1.935850
1.807959
2.068685
2.098209
1.807959
2.271837
4.037460
2.170249
0.952540
1.430839
2.175850
1.879977
2.191973
1.881020
2.374059
3.734263
1.880431
2.767642
1.320091
2.392041
1.544104
1.296032
1.697302
2.038413
1.832086
1.109501
3.039796
1.487959
0.815918
1.664195
1.288118
1.376168
1.752268
1.632063
1.896871
1.852812
1.216009
1.386168
1.301293
1.163719
1.365147
1.663923
1.599773
2.197075
1.576531
1.794467
2.497959
1.910181
1.751315
5.290204
2.088458
6.400023
2.430590
1.962766
6.623923
3.071565
2.911701
2.271111
5.855850
2.303878
2.367914
0.835170
0.612698
0.776893
0.677460
0.620091
1.594036
1.382789
1.385533
1.177029
1.385533
1.833560
1.944082
1.389864
2.710272
1.874580
