1.340839
1.047370
0.970249
1.201610
1.537732
1.692313
1.900522
0.623968
0.962041
1.165760
1.485238
1.759751
0.589388
0.724717
0.971361
1.113719
0.525147
1.069660
1.327710
0.811587
1.667279
1.370816
1.447551
2.064127
2.311678
2.600794
2.114512
2.131224
1.712608
1.997052
2.679751
3.401837
3.767052
2.277256
1.433764
2.608526
1.813469
3.427279
1.289546
2.008345
3.785828
1.663333
1.271973
1.060385
0.617324
0.909955
1.560748
1.156327
1.462449
0.674195
1.221497
1.894785
0.761587
0.540703
0.725601
1.080862
1.243492
0.894921
1.488980
1.663968
3.409252
2.348481
1.743991
2.384286
3.327959
1.965193
3.056168
3.513900
1.993946
2.464717
6.737188
0.958186
2.021497
1.506667
3.508776
5.503356
4.992336
2.179909
1.563492
1.159184
1.259751
2.751429
4.612517
2.386984
2.042857
2.854626
1.938571
2.736395
1.982154
1.527075
3.773878
0.879048
4.926803
5.691633
7.774943
5.169388
4.205442
4.450385
4.343878
0.789184
1.088163
0.861224
0.794150
1.259048
1.055465
1.021088
2.132744
4.923061
2.735147
1.012245
1.087279
1.579592
2.470544
1.583197
1.780952
1.728571
0.611769
3.132154
3.225737
3.962857
3.004558
2.723469
2.998639
0.795737
0.692177
1.029138
6.518594
0.840612
0.742857
1.413197
0.606009
3.555873
2.652245
2.288889
6.087710
2.173515
4.393605
4.937868
4.735782
13.909297
1.589388
10.987574
5.514830
1.413379
2.496417
4.158571
4.283855
1.709252
1.982426
2.250952
3.934422
5.567891
3.635986
4.192177
3.469728
3.397778
2.219728
1.902222
1.227755
4.053288
4.253968
0.965986
1.847438
0.657506
1.854694
2.554898
2.619184
2.380590
1.942585
2.289342
0.805442
1.177823
0.901497
1.391383
0.645125
1.514082
0.969365
1.809796
1.162630
0.412063
2.428209
2.599705
1.976735
1.018254
1.246735
1.802449
2.050952
1.861224
2.268707
1.101610
3.211769
0.708571
4.054898
1.808231
2.660136
5.769592
1.641020
2.927120
0.638322
2.129252
1.871746
2.144558
5.194694
4.299909
1.915646
1.996916
1.616599
1.073469
1.281633
1.562358
2.148254
1.077551
5.073923
11.508322
3.192222
4.679365
7.986190
6.400272
5.008299
7.892698
4.622857
1.314059
1.947937
0.956735
2.875170
3.455782
2.307755
4.171293
2.044354
4.202857
3.636463
6.002154
0.931701
6.266122
4.105669
1.015760
2.960816
0.531791
0.581633
2.891156
4.306803
6.429388
1.273469
1.492449
1.131791
3.980703
3.569751
2.018503
3.771791
3.242993
3.569751
4.852041
4.919048
2.327778
5.600748
5.414082
3.539274
0.441179
0.568889
0.922993
0.905578
0.638549
0.584921
0.954921
0.922993
0.626939
1.872834
1.412200
1.506032
3.865125
1.264444
2.206939
5.820499
2.890522
1.304512
3.268594
1.746871
2.887302
1.615488
1.493764
3.752608
1.280476
1.340680
1.816009
0.760000
1.531293
2.661338
1.336939
1.241338
0.838617
1.351655
1.134286
0.772268
0.772268
0.947302
4.161927
4.100839
1.228277
1.601723
1.391837
2.000340
1.003515
1.268322
3.123061
1.153039
1.158209
1.909388
2.638798
2.573333
5.460522
6.423515
2.518050
2.440159
0.675238
1.914785
4.276984
1.663152
1.708934
2.000930
2.371111
5.412608
8.640204
2.613039
0.733016
5.499501
0.879161
1.656168
0.629909
1.204127
13.538526
4.449206
0.634286
2.370952
5.635420
1.468730
1.722971
1.978118
2.293991
0.668095
0.792789
2.132902
7.878254
3.066712
7.761837
5.625125
7.651383
4.012948
4.074376
2.715646
14.246145
2.249320
1.184422
2.573129
3.033220
2.676485
5.854399
6.370680
1.454694
7.432653
0.729320
3.162313
1.314626
2.952880
4.255465
6.400862
3.033197
5.328027
3.855737
3.107732
0.966054
1.007007
1.390045
14.936916
12.303900
4.668639
2.555918
1.784943
3.793129
0.764104
0.749478
4.919297
7.613855
4.682902
5.116417
4.583719
3.958277
2.730907
3.936508
3.135578
15.108163
1.242018
3.616100
3.361497
1.005147
3.643175
2.169138
4.066349
4.586077
3.517211
0.699796
9.649297
2.161202
9.309388
1.537370
0.687551
1.059116
0.640998
1.396213
0.853356
0.789388
1.240567
2.758934
2.996916
2.289909
1.783039
2.998390
3.787732
2.209410
1.085578
1.653311
1.689683
2.576689
1.294626
4.782494
2.659501
3.162880
2.734694
2.521814
1.944354
1.506463
2.073968
1.274649
3.244671
6.577755
1.494172
1.146825
1.990884
2.117982
2.091542
1.075669
3.077370
3.606599
2.376349
2.571995
1.080113
1.306032
1.441134
1.342494
2.418163
1.188118
1.197664
2.027528
1.383107
0.856417
0.752744
1.072381
0.627800
1.493311
0.928866
0.707211
0.878594
0.837211
1.279660
2.035737
3.803333
3.973356
3.727664
4.125737
1.676281
1.469977
1.167914
4.491293
3.259909
3.569365
4.695397
3.888866
2.574195
1.353333
4.512404
1.324921
4.877664
4.762653
4.660408
2.145828
1.257778
7.081859
4.717075
2.230839
3.017279
2.083719
1.633900
6.764535
4.585193
6.218435
1.934444
5.802993
2.623628
1.177755
4.506712
4.926621
2.895261
7.476780
2.138821
2.749887
1.499683
6.909637
4.822268
6.238027
1.390431
2.466417
3.702562
10.424195
4.714671
2.069365
1.776553
1.392608
1.808345
1.520544
1.352358
0.935420
2.544717
0.955624
1.832494
1.471088
1.246440
1.755488
2.107664
1.756213
1.862812
1.038526
1.324127
2.932834
3.142608
2.624240
0.792653
1.697823
2.085805
2.760590
1.826780
2.220658
1.119592
1.135805
1.221701
4.574467
2.438730
3.022336
0.859138
1.998844
2.252562
2.284218
2.289955
2.260408
2.569161
2.325442
2.945102
2.879002
3.450499
5.232200
1.404558
1.521791
3.298866
2.165102
2.236145
2.462902
2.570317
2.398435
1.848776
2.345283
1.944150
4.518458
4.074535
4.578277
5.489116
1.397574
1.917188
3.237914
3.591361
2.573583
3.151678
2.640703
2.267574
3.248322
4.417937
7.866463
4.093197
2.354082
3.983628
2.182290
2.551247
1.232268
0.943084
1.196893
1.872018
5.247914
1.292313
1.035578
1.997052
0.787007
2.175465
1.937891
0.919116
1.475079
2.427732
1.162971
1.725283
1.496599
1.824376
1.439252
10.080204
4.178844
6.075986
8.684263
4.252902
6.536531
6.536553
4.777188
5.135873
8.263810
4.870771
4.180998
3.943492
0.612381
0.612381
0.502313
1.306145
1.366281
1.677868
5.324580
4.524240
1.559025
0.983696
0.916100
0.894263
0.894263
2.190703
1.285193
2.865941
1.243152
1.535238
1.461043
2.278254
2.907642
5.869501
2.253107
1.677710
2.307279
3.502177
1.733492
1.329501
1.993583
1.722540
1.430385
3.458798
2.234104
3.592971
4.142063
1.198549
3.027438
2.574626
2.794853
3.807642
2.365533
2.176825
3.306667
1.472766
2.303878
2.210975
2.453447
1.325125
2.300839
0.614354
3.274762
2.564331
0.860454
1.632086
1.556803
0.895488
1.855964
0.799977
1.269433
1.301293
1.706939
0.736281
2.633719
2.549796
1.717483
1.450295
1.973175
1.964376
1.886667
1.066463
2.269048
3.925238
1.386395
0.908776
1.633991
3.072313
2.371633
3.135964
2.912154
3.390544
2.911814
2.152630
4.432744
3.998367
2.732132
3.324263
2.226077
2.959932
1.937302
2.163787
2.825034
5.206190
2.358481
2.662540
2.304331
3.119433
2.777120
1.459048
1.524989
2.767256
7.007052
3.372902
2.416825
1.499501
2.371315
2.416825
3.971519
3.637528
3.623855
1.733787
3.114490
4.190476
4.496893
4.183016
4.389048
5.034626
4.497256
1.983968
5.269048
0.750000
1.000000
1.582154
0.791043
0.959773
1.610272
1.069524
1.097483
1.610272
2.490930
3.160385
3.187324
2.963583
2.152834
3.249252
2.750499
2.579093
3.843605
1.437438
3.096168
1.056077
1.963152
2.602630
1.877914
2.007914
1.939977
2.320091
1.523107
1.807959
1.609841
1.967959
1.053719
1.519751
2.143968
1.592834
1.921519
2.097234
1.839342
2.791769
1.522744
1.607710
1.941973
0.905397
2.144830
1.607710
1.867959
2.036984
3.487075
4.006145
1.742313
1.041791
1.310113
1.644921
1.578458
5.567483
2.656190
1.754104
3.811769
2.244376
3.677687
4.002585
2.244376
2.669206
1.581927
0.744331
1.823741
1.157075
2.006213
1.254762
1.211791
1.440998
1.688662
2.268980
1.890794
2.218299
1.163923
1.992154
2.269728
2.083923
1.622744
1.685578
1.481224
1.475102
1.530136
1.555465
1.983855
1.739433
1.246961
0.882109
1.532472
2.253651
1.445896
2.210998
2.085329
2.040839
3.291859
1.445896
2.466463
1.587755
3.092494
3.227846
2.135805
1.915601
2.135805
1.648277
1.158435
2.258730
1.583696
1.029252
2.321678
1.270317
1.457166
0.541587
0.859796
1.772925
2.331224
1.909683
2.443923
1.755918
2.009660
2.326281
2.964354
0.899932
0.786825
0.604671
0.894376
1.076508
0.604671
0.927120
1.829864
0.575442
1.035782
1.691043
1.664649
0.735488
1.200998
0.798027
0.610703
0.812154
1.424059
0.346463
0.328776
0.922562
0.482902
0.691202
0.575442
0.575442
0.674626
1.093265
1.003968
1.609932
0.768413
0.940884
1.180272
1.116757
1.382585
0.812857
0.834739
1.243673
1.304308
1.867687
2.253968
3.698821
1.264717
1.169796
1.416576
0.757664
1.331973
2.323628
1.148481
1.303084
1.673333
1.595465
1.793583
1.648277
2.047959
1.922472
2.686667
3.495850
4.728118
2.005760
2.556009
3.499683
0.678730
0.942290
0.767664
1.328095
1.205374
0.927959
2.095918
0.905510
0.976440
0.898254
1.324467
1.150658
1.480839
1.688594
2.715692
2.142993
1.805147
0.853175
3.370930
0.921927
3.221156
1.642381
1.576259
1.002562
0.853039
1.664036
0.703855
1.067098
3.093175
1.789229
3.649070
4.352109
1.301043
1.852630
1.121451
1.481814
0.787188
1.050000
1.659116
2.251179
2.502290
3.161293
2.617710
1.776712
1.626531
3.840476
2.011224
2.703810
3.260385
3.941519
2.161043
3.185170
2.588390
2.161043
2.907528
2.177188
4.836780
4.126553
2.361497
3.121678
5.310136
4.876667
4.470272
6.281565
3.870136
5.178186
0.762676
1.174036
0.760930
0.963129
0.532676
1.123243
1.084399
1.301678
1.871043
1.059841
1.721905
1.400431
0.607302
0.784535
0.636621
0.725374
1.270408
0.666463
0.845465
1.181179
1.088526
2.107528
1.236100
1.366100
1.210794
1.442404
1.998798
2.175488
1.413855
1.377846
1.204671
1.857415
0.925805
4.589161
1.978571
2.680907
2.939751
0.573515
1.002426
0.679161
0.806372
1.011270
0.710771
0.679161
1.011270
0.715669
0.967188
0.443560
1.743923
2.024512
1.177211
0.914671
1.582562
1.300930
15.952834
3.957279
3.899955
12.846803
3.383764
7.914580
13.481701
1.079229
0.919252
1.168844
1.472426
1.658458
1.685873
0.617596
1.598889
1.202585
1.367528
2.270136
1.940907
1.726961
1.202585
2.239592
3.042948
0.643197
2.444399
1.813696
1.405941
1.199002
1.168209
1.237188
1.962766
1.168639
1.448345
0.873923
0.808594
0.695011
1.305057
1.551519
1.827438
0.883900
0.883900
0.861383
1.440590
1.891383
1.714649
1.264603
0.725397
1.076508
1.026463
2.195125
1.738639
1.237891
1.461882
2.262721
2.094059
0.741474
2.062834
2.110454
4.862676
1.728254
2.751746
2.476236
2.645828
1.664240
2.571043
2.583197
2.336417
2.111837
3.266939
2.832245
2.526735
3.647959
3.294150
4.929796
4.319728
2.288322
1.294739
1.759977
2.431973
1.739819
3.616417
1.775692
1.983900
2.655850
1.389887
3.165918
0.425533
0.474422
1.473968
1.449637
1.270340
5.014694
2.496644
3.681247
2.135714
4.442834
4.179546
2.274762
1.510975
3.714331
2.719841
2.171655
2.641293
0.585238
0.680045
1.038730
0.659637
1.021383
0.797324
3.714331
1.685533
1.514762
2.901179
1.447098
0.798730
1.575556
0.732653
1.220431
0.736485
0.708730
0.826712
0.971202
0.720000
1.718934
1.026168
1.261655
1.142585
0.822766
1.053810
1.918254
0.389093
0.371043
1.187914
0.554172
1.186417
0.988254
0.848345
11.723605
13.460635
12.400249
13.363243
10.560816
15.182018
7.577551
8.551247
5.753379
4.901134
7.217596
6.523084
10.247800
6.091950
2.133333
0.976871
0.863855
0.848980
1.056100
0.991905
0.862834
0.863673
0.769705
0.959887
0.821451
0.735850
1.034626
1.237211
1.012585
0.726281
0.858481
0.912585
1.380045
1.460816
1.179501
1.600159
1.347166
1.608594
1.535964
1.215964
1.791973
1.470907
2.365170
1.867959
1.862562
1.916576
2.234104
1.543673
1.656327
1.199887
1.853787
0.767823
1.192222
0.592245
1.272358
1.322630
1.451043
1.130748
1.630952
1.689297
0.780136
1.325646
0.748639
1.011814
0.893628
1.854059
0.611519
0.521202
0.454172
0.577710
0.469388
0.669048
0.613810
0.915261
0.905193
1.100567
3.237029
0.825147
0.915351
2.057687
3.491950
1.033855
1.845238
0.633855
0.647528
2.166440
0.849252
0.999501
1.286803
0.812857
0.960930
1.523039
1.293855
1.190113
1.767732
1.709705
1.743878
1.600998
1.113719
1.359909
1.652630
1.431905
1.599977
1.229773
1.160272
0.991156
1.113719
0.882358
1.307506
1.656168
1.327800
1.696939
0.918209
1.621088
1.320658
1.455918
1.145283
1.784082
1.430612
1.717937
2.048050
1.487483
1.300544
2.138254
3.054376
1.426916
1.660658
2.517279
1.128277
0.737052
1.422018
1.311587
0.833583
1.657211
0.759887
0.950612
0.704943
1.040113
1.496712
1.512834
0.671837
0.569524
1.903243
2.135374
2.162222
2.581474
1.813696
1.974853
1.676395
2.645147
2.214308
2.315669
1.974853
2.626417
3.533855
3.833855
2.214308
2.214308
3.023039
2.205125
2.364422
1.618549
1.332585
1.802766
2.393243
1.692381
1.570272
1.881519
1.272834
2.157029
3.652834
2.007460
2.369819
2.243946
2.769751
2.460136
1.836417
1.312585
3.040454
3.498209
2.521723
1.727551
1.481610
2.645147
2.928730
2.006939
3.290771
1.710544
2.405646
2.702132
2.033991
2.399501
1.283447
1.378980
1.579161
1.426916
1.488209
1.297188
2.191066
2.321678
1.196757
1.029252
2.595624
2.205057
2.133968
2.074875
1.365306
1.574104
1.095261
0.813878
0.531587
0.643333
1.067823
0.678209
1.181202
1.550113
0.746032
1.353741
1.425215
0.827778
0.817506
0.678209
0.765986
0.763583
1.131791
1.151814
1.087959
1.895737
2.095556
1.010612
2.095556
1.713469
1.534218
1.812766
2.536599
2.000454
1.536100
1.084966
1.824104
0.979365
2.032063
3.370794
2.850975
1.077188
1.091995
1.775283
0.818413
1.536893
1.698458
1.935918
1.590522
1.688730
1.256349
0.715351
1.121088
2.790249
1.562517
0.632653
1.013084
1.357188
1.116236
1.106961
1.445918
1.411270
1.542721
1.349138
1.305510
1.935918
1.421814
0.744580
0.675102
1.357188
0.798209
1.013084
1.357188
0.771610
0.589751
1.013084
0.728730
1.013084
1.246417
1.400748
1.847982
1.221927
4.315057
2.825918
2.918481
2.666621
4.393946
4.095896
2.480340
4.311519
7.079501
1.880930
1.236508
4.611927
3.114286
1.983651
1.074150
1.951542
3.349728
2.155442
3.496440
1.966825
1.680884
2.570431
1.130522
1.411020
0.853175
1.797302
1.471973
2.197732
1.770771
1.428163
3.114444
3.043810
2.357982
5.773084
1.080454
1.789501
0.790771
2.218639
1.576009
1.433855
1.395397
2.421451
2.207800
1.478889
2.421247
2.197211
1.099501
3.938730
2.068730
2.593039
2.815714
2.382381
2.422358
3.135918
1.647937
2.593311
2.434694
2.208050
1.535964
1.759841
2.846939
2.047891
1.760113
2.336077
2.845102
1.194104
5.003175
1.759410
4.320000
1.501950
3.280476
4.736122
3.475918
2.589977
2.730771
3.498753
1.007732
2.787302
2.286667
1.578685
2.307347
1.682653
0.768730
2.644399
1.461293
1.141134
2.334467
1.351497
1.455760
1.471837
1.119841
1.631565
2.034150
1.489297
1.397415
2.765125
1.260522
1.745442
0.960023
1.685034
1.765896
1.517982
1.231882
1.375964
3.626417
2.773061
5.503855
2.730567
4.880023
3.199955
5.438685
1.557188
7.423968
1.493469
5.902063
1.408231
0.902517
0.950000
1.013220
1.983878
2.335850
1.759977
2.241542
1.224989
2.273764
1.407937
3.520658
3.587120
5.280317
1.282290
1.606871
1.825896
1.661338
1.663855
1.863401
3.178526
0.906712
1.740295
1.621429
2.282381
0.687846
1.840091
1.727528
1.791950
2.796190
1.770635
2.047959
1.825760
4.064082
3.794943
1.624490
1.313492
1.552109
4.942086
3.573583
1.964989
1.753107
6.542222
3.753492
3.039184
1.183016
6.400522
1.019955
0.835646
0.449683
1.585465
0.537755
1.196122
1.095397
1.460363
1.447710
1.011814
2.147823
1.971655
1.011814
1.883583
1.971655
1.099909
1.108027
1.883583
